subject,predicate,object,truth,kl,simrank,ensemble_score
http://dbpedia.org/resource/Gregory_Bateson,http://dbpedia.org/ontology/birthPlace,http://dbpedia.org/resource/Grantchester,1,0.073111,0.000169,0.5
http://dbpedia.org/resource/C._S._Forester,http://dbpedia.org/ontology/birthPlace,http://dbpedia.org/resource/Cairo,1,0.075999,0.000114,0.33
http://dbpedia.org/resource/Emma_Goldman,http://dbpedia.org/ontology/deathPlace,http://dbpedia.org/resource/Toronto,1,0.059937,3.6e-05,0.16
http://dbpedia.org/resource/Abd_al-Rahman_I,http://dbpedia.org/ontology/birthPlace,http://dbpedia.org/resource/Damascus,1,0.070612,3.1e-05,0.35
http://dbpedia.org/resource/Augustus_II_the_Strong,http://dbpedia.org/ontology/deathPlace,http://dbpedia.org/resource/Warsaw,1,0.072804,0.00017,0.44
http://dbpedia.org/resource/Augustus_II_the_Strong,http://dbpedia.org/ontology/birthPlace,http://dbpedia.org/resource/Dresden,1,0.093266,8.5e-05,0.62
http://dbpedia.org/resource/Hawley_Harvey_Crippen,http://dbpedia.org/ontology/deathPlace,http://dbpedia.org/resource/London,1,0.06543,0.000377,0.03
http://dbpedia.org/resource/J._R._R._Tolkien,http://dbpedia.org/ontology/deathPlace,http://dbpedia.org/resource/Bournemouth,1,0.112545,0.000139,0.53
http://dbpedia.org/resource/Abbas_II_of_Egypt,http://dbpedia.org/ontology/birthPlace,http://dbpedia.org/resource/Alexandria,1,0.078208,0.000271,0.14
http://dbpedia.org/resource/John_von_Neumann,http://dbpedia.org/ontology/birthPlace,http://dbpedia.org/resource/Budapest,1,0.086776,0.000119,0.24
http://dbpedia.org/resource/Joris_Ivens,http://dbpedia.org/ontology/birthPlace,http://dbpedia.org/resource/Nijmegen,1,0.063347,0.000184,0.72
http://dbpedia.org/resource/Benoit_Mandelbrot,http://dbpedia.org/ontology/birthPlace,http://dbpedia.org/resource/Warsaw,1,0.076464,7e-05,0.21
http://dbpedia.org/resource/J._R._R._Tolkien,http://dbpedia.org/ontology/birthPlace,http://dbpedia.org/resource/Bloemfontein,1,0.0895,4.6e-05,0.81
http://dbpedia.org/resource/Anton_Chekhov,http://dbpedia.org/ontology/birthPlace,http://dbpedia.org/resource/Taganrog,1,0.127717,0.001073,0.55
http://dbpedia.org/resource/Aaliyah,http://dbpedia.org/ontology/deathPlace,http://dbpedia.org/resource/Marsh_Harbour,1,0.165825,0.001485,0.92
http://dbpedia.org/resource/Ivan_Bunin,http://dbpedia.org/ontology/deathPlace,http://dbpedia.org/resource/Paris,1,0.059535,0.000502,0.01
http://dbpedia.org/resource/Alexander_Kerensky,http://dbpedia.org/ontology/birthPlace,http://dbpedia.org/resource/Ulyanovsk,1,0.120166,0.000333,0.62
http://dbpedia.org/resource/Ernst_Mayr,http://dbpedia.org/ontology/birthPlace,http://dbpedia.org/resource/Kempten,1,0.068387,9.3e-05,0.26
http://dbpedia.org/resource/Austen_Henry_Layard,http://dbpedia.org/ontology/deathPlace,http://dbpedia.org/resource/London,1,0.074976,0.000478,0.09
http://dbpedia.org/resource/Douglas_Adams,http://dbpedia.org/ontology/deathPlace,"http://dbpedia.org/resource/Santa_Barbara,_California",1,0.075996,2.7e-05,0.42
http://dbpedia.org/resource/James_Wilkinson,http://dbpedia.org/ontology/birthPlace,"http://dbpedia.org/resource/Benedict,_Maryland",1,0.144532,0.00211,0.56
http://dbpedia.org/resource/Arthur_de_Gobineau,http://dbpedia.org/ontology/birthPlace,http://dbpedia.org/resource/Ville-d'Avray,1,0.091071,0.00106,0.45
"http://dbpedia.org/resource/Francis_II,_Holy_Roman_Emperor",http://dbpedia.org/ontology/birthPlace,http://dbpedia.org/resource/Florence,1,0.074633,3.3e-05,0.38
http://dbpedia.org/resource/John_A._Roebling,http://dbpedia.org/ontology/birthPlace,http://dbpedia.org/resource/Mühlhausen,1,0.095077,0.000108,0.66
http://dbpedia.org/resource/Cornelius_Johnson_(artist),http://dbpedia.org/ontology/deathPlace,http://dbpedia.org/resource/Utrecht,1,0.069671,0.000419,0.18
http://dbpedia.org/resource/John_A._Macdonald,http://dbpedia.org/ontology/deathPlace,http://dbpedia.org/resource/Ottawa,1,0.092224,0.000484,0.18
http://dbpedia.org/resource/John_A._Roebling,http://dbpedia.org/ontology/deathPlace,http://dbpedia.org/resource/New_York_City,1,0.072156,0.0004,0.18
http://dbpedia.org/resource/James_Wilkinson,http://dbpedia.org/ontology/deathPlace,http://dbpedia.org/resource/Mexico_City,1,0.106414,0.000105,0.39
http://dbpedia.org/resource/Arthur_de_Gobineau,http://dbpedia.org/ontology/deathPlace,http://dbpedia.org/resource/Turin,1,0.062247,0.000151,0.08
http://dbpedia.org/resource/Frédéric_Bastiat,http://dbpedia.org/ontology/deathPlace,http://dbpedia.org/resource/Rome,1,0.062314,0.000111,0.21
http://dbpedia.org/resource/Adelaide_of_Italy,http://dbpedia.org/ontology/birthPlace,http://dbpedia.org/resource/Orbe,1,0.065264,0.00059,0.35
"http://dbpedia.org/resource/Albert_VII,_Archduke_of_Austria",http://dbpedia.org/ontology/birthPlace,http://dbpedia.org/resource/Wiener_Neustadt,1,0.06119,3.2e-05,0.48
http://dbpedia.org/resource/Irenaeus,http://dbpedia.org/ontology/birthPlace,http://dbpedia.org/resource/İzmir,1,0.077524,0.000142,0.58
http://dbpedia.org/resource/Henry_Moseley,http://dbpedia.org/ontology/birthPlace,"http://dbpedia.org/resource/Weymouth,_Dorset",1,0.078409,0.000293,0.43
http://dbpedia.org/resource/Eduard_von_Böhm-Ermolli,http://dbpedia.org/ontology/birthPlace,http://dbpedia.org/resource/Ancona,1,0.060211,3.5e-05,0.53
http://dbpedia.org/resource/Henry_I_of_England,http://dbpedia.org/ontology/deathPlace,http://dbpedia.org/resource/Lyons-la-Forêt,1,0.08401,0.000767,0.43
http://dbpedia.org/resource/Irenaeus,http://dbpedia.org/ontology/deathPlace,http://dbpedia.org/resource/Lyon,1,0.102502,0.001252,0.76
http://dbpedia.org/resource/F._F._E._Yeo-Thomas,http://dbpedia.org/ontology/deathPlace,http://dbpedia.org/resource/Paris,1,0.059226,7.9e-05,0.4
http://dbpedia.org/resource/Eugene_Wigner,http://dbpedia.org/ontology/deathPlace,"http://dbpedia.org/resource/Princeton,_New_Jersey",1,0.083965,0.00019,0.67
http://dbpedia.org/resource/Anton_Chekhov,http://dbpedia.org/ontology/deathPlace,http://dbpedia.org/resource/Badenweiler,1,0.099431,0.000127,0.46
"http://dbpedia.org/resource/Diana,_Princess_of_Wales",http://dbpedia.org/ontology/deathPlace,http://dbpedia.org/resource/Paris,1,0.076623,0.000166,0.43
http://dbpedia.org/resource/Abd_al-Rahman_I,http://dbpedia.org/ontology/deathPlace,"http://dbpedia.org/resource/Córdoba,_Spain",1,0.072711,7.2e-05,0.74
http://dbpedia.org/resource/Frank_Capra,http://dbpedia.org/ontology/birthPlace,http://dbpedia.org/resource/Bisacquino,1,0.062421,1.1e-05,0.19
"http://dbpedia.org/resource/Albert_VII,_Archduke_of_Austria",http://dbpedia.org/ontology/deathPlace,http://dbpedia.org/resource/Brussels,1,0.088676,0.00017,0.57
http://dbpedia.org/resource/Catherine_of_Aragon,http://dbpedia.org/ontology/deathPlace,http://dbpedia.org/resource/Huntingdonshire,1,0.062229,6.1e-05,0.12
http://dbpedia.org/resource/C._S._Forester,http://dbpedia.org/ontology/deathPlace,"http://dbpedia.org/resource/Fullerton,_California",1,0.049798,4.8e-05,0.18
http://dbpedia.org/resource/John_von_Neumann,http://dbpedia.org/ontology/deathPlace,"http://dbpedia.org/resource/Washington,_D.C.",1,0.067314,5.5e-05,0.22
"http://dbpedia.org/resource/Christina,_Queen_of_Sweden",http://dbpedia.org/ontology/deathPlace,http://dbpedia.org/resource/Rome,1,0.051436,2.3e-05,0.42
http://dbpedia.org/resource/James_Clavell,http://dbpedia.org/ontology/birthPlace,http://dbpedia.org/resource/Sydney,1,0.056547,1.2e-05,0.29
http://dbpedia.org/resource/Henry_Moseley,http://dbpedia.org/ontology/deathPlace,http://dbpedia.org/resource/Gelibolu,1,0.075922,5.9e-05,0.27
http://dbpedia.org/resource/George_Frideric_Handel,http://dbpedia.org/ontology/deathPlace,http://dbpedia.org/resource/London,1,0.063235,0.000176,0.07
http://dbpedia.org/resource/Gregory_Bateson,http://dbpedia.org/ontology/deathPlace,http://dbpedia.org/resource/San_Francisco,1,0.073474,9.7e-05,0.8
http://dbpedia.org/resource/Fay_Wray,http://dbpedia.org/ontology/deathPlace,http://dbpedia.org/resource/New_York_City,1,0.06804,4.8e-05,0.42
http://dbpedia.org/resource/Alfred_Hitchcock,http://dbpedia.org/ontology/deathPlace,"http://dbpedia.org/resource/Bel_Air,_Los_Angeles",1,0.121638,0.000164,0.64
http://dbpedia.org/resource/Frank_Capra,http://dbpedia.org/ontology/deathPlace,"http://dbpedia.org/resource/La_Quinta,_California",1,0.065209,9e-05,0.1
http://dbpedia.org/resource/Eduard_von_Böhm-Ermolli,http://dbpedia.org/ontology/deathPlace,http://dbpedia.org/resource/Opava,1,0.060184,5.6e-05,0.39
http://dbpedia.org/resource/James_Clavell,http://dbpedia.org/ontology/deathPlace,http://dbpedia.org/resource/Vevey,1,0.077855,0.000132,0.7
http://dbpedia.org/resource/Hawley_Harvey_Crippen,http://dbpedia.org/ontology/birthPlace,"http://dbpedia.org/resource/Coldwater,_Michigan",1,0.049677,0.000132,0.69
http://dbpedia.org/resource/John_A._Macdonald,http://dbpedia.org/ontology/birthPlace,http://dbpedia.org/resource/Glasgow,1,0.061554,4.3e-05,0.66
http://dbpedia.org/resource/Bernardo_O'Higgins,http://dbpedia.org/ontology/birthPlace,http://dbpedia.org/resource/Chillán,1,0.152603,0.00141,0.78
http://dbpedia.org/resource/Alexander_Kerensky,http://dbpedia.org/ontology/deathPlace,http://dbpedia.org/resource/New_York_City,1,0.067247,4.9e-05,0.21
http://dbpedia.org/resource/Eugene_Wigner,http://dbpedia.org/ontology/birthPlace,http://dbpedia.org/resource/Budapest,1,0.082237,0.000476,0.24
http://dbpedia.org/resource/Jean-Jacques_Rousseau,http://dbpedia.org/ontology/deathPlace,http://dbpedia.org/resource/Ermenonville,1,0.070219,0.000559,0.08
http://dbpedia.org/resource/Adelaide_of_Italy,http://dbpedia.org/ontology/deathPlace,http://dbpedia.org/resource/Alsace,1,0.077634,0.000245,0.13
http://dbpedia.org/resource/Emma_Goldman,http://dbpedia.org/ontology/birthPlace,http://dbpedia.org/resource/Kaunas,1,0.087828,0.000126,0.35
http://dbpedia.org/resource/Alfred_Hitchcock,http://dbpedia.org/ontology/birthPlace,http://dbpedia.org/resource/London,1,0.077036,7.8e-05,0.14
http://dbpedia.org/resource/Joe_Strummer,http://dbpedia.org/ontology/deathPlace,"http://dbpedia.org/resource/Broomfield,_Somerset",1,0.05886,0.000216,0.09
http://dbpedia.org/resource/F._F._E._Yeo-Thomas,http://dbpedia.org/ontology/birthPlace,http://dbpedia.org/resource/London,1,0.056491,5.6e-05,0.62
"http://dbpedia.org/resource/Christina,_Queen_of_Sweden",http://dbpedia.org/ontology/birthPlace,http://dbpedia.org/resource/Stockholm,1,0.065548,0.000781,0.28
http://dbpedia.org/resource/Aaliyah,http://dbpedia.org/ontology/birthPlace,http://dbpedia.org/resource/Brooklyn,1,0.074237,0.000149,0.65
"http://dbpedia.org/resource/Diana,_Princess_of_Wales",http://dbpedia.org/ontology/birthPlace,"http://dbpedia.org/resource/Sandringham,_Norfolk",1,0.14522,0.000883,0.79
http://dbpedia.org/resource/Joseph_Conrad,http://dbpedia.org/ontology/deathPlace,http://dbpedia.org/resource/Bishopsbourne,1,0.090724,0.001221,0.58
http://dbpedia.org/resource/Amerigo_Vespucci,http://dbpedia.org/ontology/deathPlace,http://dbpedia.org/resource/Seville,1,0.071108,0.000117,0.87
http://dbpedia.org/resource/John_Stuart_Mill,http://dbpedia.org/ontology/birthPlace,http://dbpedia.org/resource/London_Borough_of_Islington,1,0.06469,0.000112,0.37
http://dbpedia.org/resource/Henry_I_of_England,http://dbpedia.org/ontology/birthPlace,http://dbpedia.org/resource/Selby,1,0.060528,0.000194,0.62
http://dbpedia.org/resource/Benoit_Mandelbrot,http://dbpedia.org/ontology/deathPlace,"http://dbpedia.org/resource/Cambridge,_Massachusetts",1,0.081741,4.9e-05,0.48
"http://dbpedia.org/resource/Francis_II,_Holy_Roman_Emperor",http://dbpedia.org/ontology/deathPlace,http://dbpedia.org/resource/Vienna,1,0.088178,0.000205,0.71
http://dbpedia.org/resource/Amerigo_Vespucci,http://dbpedia.org/ontology/birthPlace,http://dbpedia.org/resource/Florence,1,0.077512,0.00028,0.2
http://dbpedia.org/resource/Bernardo_O'Higgins,http://dbpedia.org/ontology/deathPlace,http://dbpedia.org/resource/Lima,1,0.097944,0.000641,0.12
http://dbpedia.org/resource/Abbas_II_of_Egypt,http://dbpedia.org/ontology/deathPlace,http://dbpedia.org/resource/Geneva,1,0.066428,1e-05,0.34
http://dbpedia.org/resource/Catherine_of_Aragon,http://dbpedia.org/ontology/birthPlace,http://dbpedia.org/resource/Alcalá_de_Henares,1,0.056907,4.6e-05,0.59
http://dbpedia.org/resource/John_Stuart_Mill,http://dbpedia.org/ontology/deathPlace,http://dbpedia.org/resource/Avignon,1,0.115193,0.00013,0.43
http://dbpedia.org/resource/Douglas_Adams,http://dbpedia.org/ontology/birthPlace,http://dbpedia.org/resource/Cambridge,1,0.066796,9.4e-05,0.34
http://dbpedia.org/resource/John_Peel,http://dbpedia.org/ontology/deathPlace,http://dbpedia.org/resource/Cusco,1,0.047316,0.000145,0.05
http://dbpedia.org/resource/Joris_Ivens,http://dbpedia.org/ontology/deathPlace,http://dbpedia.org/resource/Paris,1,0.064844,0.000134,0.07
http://dbpedia.org/resource/John_Peel,http://dbpedia.org/ontology/birthPlace,http://dbpedia.org/resource/Heswall,1,0.062058,0.000224,0.41
http://dbpedia.org/resource/Alfonso_IV_of_Aragon,http://dbpedia.org/ontology/deathPlace,http://dbpedia.org/resource/Barcelona,1,0.073842,4.3e-05,0.69
http://dbpedia.org/resource/Ernst_Mayr,http://dbpedia.org/ontology/deathPlace,"http://dbpedia.org/resource/Bedford,_Massachusetts",1,0.05878,7.2e-05,0.3
http://dbpedia.org/resource/Cornelius_Johnson_(artist),http://dbpedia.org/ontology/birthPlace,http://dbpedia.org/resource/London,1,0.055644,7.1e-05,0.57
http://dbpedia.org/resource/Fay_Wray,http://dbpedia.org/ontology/birthPlace,http://dbpedia.org/resource/Alberta,1,0.055191,1e-05,0.57
http://dbpedia.org/resource/Austen_Henry_Layard,http://dbpedia.org/ontology/birthPlace,http://dbpedia.org/resource/Paris,1,0.067115,4.9e-05,0.65
http://dbpedia.org/resource/Frédéric_Bastiat,http://dbpedia.org/ontology/birthPlace,http://dbpedia.org/resource/Bayonne,1,0.058635,0.000361,0.39
http://dbpedia.org/resource/André_Weil,http://dbpedia.org/ontology/birthPlace,http://dbpedia.org/resource/Paris,1,0.073082,0.000335,0.54
http://dbpedia.org/resource/Joseph_Conrad,http://dbpedia.org/ontology/birthPlace,http://dbpedia.org/resource/Berdychiv,1,0.068194,8.1e-05,0.48
http://dbpedia.org/resource/George_Frideric_Handel,http://dbpedia.org/ontology/birthPlace,http://dbpedia.org/resource/Halle_(Saale),1,0.131939,0.000935,0.67
http://dbpedia.org/resource/Ivan_Bunin,http://dbpedia.org/ontology/birthPlace,http://dbpedia.org/resource/Voronezh,1,0.063469,0.000646,0.35
http://dbpedia.org/resource/Jean-Jacques_Rousseau,http://dbpedia.org/ontology/birthPlace,http://dbpedia.org/resource/Geneva,1,0.075742,5.6e-05,0.4
http://dbpedia.org/resource/Carlo_Goldoni,http://dbpedia.org/ontology/birthPlace,http://dbpedia.org/resource/Venice,1,0.113503,0.001617,0.52
http://dbpedia.org/resource/Joe_Strummer,http://dbpedia.org/ontology/birthPlace,http://dbpedia.org/resource/Ankara,1,0.054325,2.1e-05,0.58
http://dbpedia.org/resource/Carlo_Goldoni,http://dbpedia.org/ontology/deathPlace,http://dbpedia.org/resource/Paris,1,0.06188,0.000104,0.4
http://dbpedia.org/resource/Ambrose,http://dbpedia.org/ontology/birthPlace,http://dbpedia.org/resource/Trier,1,0.079358,9.8e-05,0.07
http://dbpedia.org/resource/Alfonso_IV_of_Aragon,http://dbpedia.org/ontology/birthPlace,http://dbpedia.org/resource/Naples,1,0.065329,0.000247,0.42
http://dbpedia.org/resource/André_Weil,http://dbpedia.org/ontology/deathPlace,"http://dbpedia.org/resource/Princeton,_New_Jersey",1,0.071583,7.5e-05,0.81
http://dbpedia.org/resource/Emma_Goldman,http://dbpedia.org/ontology/deathPlace,http://dbpedia.org/resource/Kaunas,0,0.141474,0.000192,0.93
http://dbpedia.org/resource/John_A._Roebling,http://dbpedia.org/ontology/deathPlace,http://dbpedia.org/resource/Mühlhausen,0,0.220928,0.000139,0.94
http://dbpedia.org/resource/James_Clavell,http://dbpedia.org/ontology/deathPlace,http://dbpedia.org/resource/Sydney,0,0.056547,1.1e-05,0.44
http://dbpedia.org/resource/Ambrose,http://dbpedia.org/ontology/birthPlace,http://dbpedia.org/resource/Milan,0,0.111881,0.001608,0.52
http://dbpedia.org/resource/Frank_Capra,http://dbpedia.org/ontology/deathPlace,http://dbpedia.org/resource/Bisacquino,0,0.062421,1.5e-05,0.55
http://dbpedia.org/resource/Alexander_Kerensky,http://dbpedia.org/ontology/deathPlace,http://dbpedia.org/resource/Ulyanovsk,0,0.182195,0.00026,0.9
http://dbpedia.org/resource/Arthur_de_Gobineau,http://dbpedia.org/ontology/deathPlace,http://dbpedia.org/resource/Ville-d'Avray,0,0.250267,0.000985,0.98
http://dbpedia.org/resource/Eugene_Wigner,http://dbpedia.org/ontology/deathPlace,http://dbpedia.org/resource/Budapest,0,0.107218,0.000556,0.58
http://dbpedia.org/resource/George_Frideric_Handel,http://dbpedia.org/ontology/deathPlace,http://dbpedia.org/resource/Halle_(Saale),0,0.154306,0.001299,0.95
http://dbpedia.org/resource/Douglas_Adams,http://dbpedia.org/ontology/birthPlace,"http://dbpedia.org/resource/Santa_Barbara,_California",0,0.075996,2.8e-05,0.4
http://dbpedia.org/resource/Catherine_of_Aragon,http://dbpedia.org/ontology/birthPlace,http://dbpedia.org/resource/Huntingdonshire,0,0.062229,6.3e-05,0.3
http://dbpedia.org/resource/Alfonso_IV_of_Aragon,http://dbpedia.org/ontology/birthPlace,http://dbpedia.org/resource/Barcelona,0,0.073842,5.9e-05,0.23
http://dbpedia.org/resource/Douglas_Adams,http://dbpedia.org/ontology/deathPlace,http://dbpedia.org/resource/Cambridge,0,0.124249,6.3e-05,0.91
http://dbpedia.org/resource/Joseph_Conrad,http://dbpedia.org/ontology/birthPlace,http://dbpedia.org/resource/Bishopsbourne,0,0.339454,0.001107,0.92
http://dbpedia.org/resource/Alfonso_IV_of_Aragon,http://dbpedia.org/ontology/deathPlace,http://dbpedia.org/resource/Naples,0,0.065329,0.000211,0.12
http://dbpedia.org/resource/Arthur_de_Gobineau,http://dbpedia.org/ontology/birthPlace,http://dbpedia.org/resource/Turin,0,0.122748,0.000157,0.97
"http://dbpedia.org/resource/Albert_VII,_Archduke_of_Austria",http://dbpedia.org/ontology/deathPlace,http://dbpedia.org/resource/Wiener_Neustadt,0,0.06119,3.4e-05,0.22
http://dbpedia.org/resource/Joseph_Conrad,http://dbpedia.org/ontology/deathPlace,http://dbpedia.org/resource/Berdychiv,0,0.208045,7e-05,0.97
http://dbpedia.org/resource/Catherine_of_Aragon,http://dbpedia.org/ontology/deathPlace,http://dbpedia.org/resource/Alcalá_de_Henares,0,0.056907,4.2e-05,0.32
http://dbpedia.org/resource/Joris_Ivens,http://dbpedia.org/ontology/deathPlace,http://dbpedia.org/resource/Nijmegen,0,0.155117,0.000186,0.95
http://dbpedia.org/resource/Gregory_Bateson,http://dbpedia.org/ontology/deathPlace,http://dbpedia.org/resource/Grantchester,0,0.280509,0.000198,0.96
http://dbpedia.org/resource/James_Wilkinson,http://dbpedia.org/ontology/birthPlace,http://dbpedia.org/resource/Mexico_City,0,0.106414,0.000117,0.83
http://dbpedia.org/resource/Ivan_Bunin,http://dbpedia.org/ontology/deathPlace,http://dbpedia.org/resource/Voronezh,0,0.156629,0.000674,0.88
http://dbpedia.org/resource/J._R._R._Tolkien,http://dbpedia.org/ontology/deathPlace,http://dbpedia.org/resource/Bloemfontein,0,0.14985,5.4e-05,0.98
http://dbpedia.org/resource/Gregory_Bateson,http://dbpedia.org/ontology/birthPlace,http://dbpedia.org/resource/San_Francisco,0,0.073474,9.2e-05,0.15
http://dbpedia.org/resource/Jean-Jacques_Rousseau,http://dbpedia.org/ontology/birthPlace,http://dbpedia.org/resource/Ermenonville,0,0.476505,0.000703,0.88
http://dbpedia.org/resource/Alfred_Hitchcock,http://dbpedia.org/ontology/birthPlace,"http://dbpedia.org/resource/Bel_Air,_Los_Angeles",0,0.215629,0.000162,1.0
http://dbpedia.org/resource/F._F._E._Yeo-Thomas,http://dbpedia.org/ontology/deathPlace,http://dbpedia.org/resource/London,0,0.056491,3.6e-05,0.29
http://dbpedia.org/resource/Ernst_Mayr,http://dbpedia.org/ontology/deathPlace,http://dbpedia.org/resource/Kempten,0,0.210031,9.7e-05,1.0
http://dbpedia.org/resource/Frank_Capra,http://dbpedia.org/ontology/birthPlace,"http://dbpedia.org/resource/La_Quinta,_California",0,0.065209,8.2e-05,0.42
http://dbpedia.org/resource/Ivan_Bunin,http://dbpedia.org/ontology/birthPlace,http://dbpedia.org/resource/Paris,0,0.09787,0.000397,0.31
http://dbpedia.org/resource/Carlo_Goldoni,http://dbpedia.org/ontology/deathPlace,http://dbpedia.org/resource/Venice,0,0.129672,0.001458,0.85
http://dbpedia.org/resource/Anton_Chekhov,http://dbpedia.org/ontology/birthPlace,http://dbpedia.org/resource/Badenweiler,0,0.302793,0.000143,1.0
http://dbpedia.org/resource/Austen_Henry_Layard,http://dbpedia.org/ontology/deathPlace,http://dbpedia.org/resource/Paris,0,0.067115,6.1e-05,0.05
http://dbpedia.org/resource/John_A._Macdonald,http://dbpedia.org/ontology/birthPlace,http://dbpedia.org/resource/Ottawa,0,0.112394,0.000433,0.53
http://dbpedia.org/resource/Joe_Strummer,http://dbpedia.org/ontology/deathPlace,http://dbpedia.org/resource/Ankara,0,0.125081,2.6e-05,0.81
"http://dbpedia.org/resource/Albert_VII,_Archduke_of_Austria",http://dbpedia.org/ontology/birthPlace,http://dbpedia.org/resource/Brussels,0,0.088676,0.000135,0.65
http://dbpedia.org/resource/Anton_Chekhov,http://dbpedia.org/ontology/deathPlace,http://dbpedia.org/resource/Taganrog,0,0.160763,0.000977,0.96
http://dbpedia.org/resource/Benoit_Mandelbrot,http://dbpedia.org/ontology/deathPlace,http://dbpedia.org/resource/Warsaw,0,0.076464,4.4e-05,0.66
http://dbpedia.org/resource/George_Frideric_Handel,http://dbpedia.org/ontology/birthPlace,http://dbpedia.org/resource/London,0,0.090621,0.000138,0.85
http://dbpedia.org/resource/Adelaide_of_Italy,http://dbpedia.org/ontology/deathPlace,http://dbpedia.org/resource/Orbe,0,0.244436,0.00055,0.93
http://dbpedia.org/resource/James_Wilkinson,http://dbpedia.org/ontology/deathPlace,"http://dbpedia.org/resource/Benedict,_Maryland",0,0.144532,0.001676,0.92
http://dbpedia.org/resource/Aaliyah,http://dbpedia.org/ontology/deathPlace,http://dbpedia.org/resource/Brooklyn,0,0.074237,0.000128,0.73
http://dbpedia.org/resource/Hawley_Harvey_Crippen,http://dbpedia.org/ontology/birthPlace,http://dbpedia.org/resource/London,0,0.090621,0.000397,0.48
http://dbpedia.org/resource/Abbas_II_of_Egypt,http://dbpedia.org/ontology/birthPlace,http://dbpedia.org/resource/Geneva,0,0.066428,9e-06,0.19
http://dbpedia.org/resource/Joris_Ivens,http://dbpedia.org/ontology/birthPlace,http://dbpedia.org/resource/Paris,0,0.09787,0.000132,0.92
http://dbpedia.org/resource/John_A._Roebling,http://dbpedia.org/ontology/birthPlace,http://dbpedia.org/resource/New_York_City,0,0.090201,0.000402,0.3
http://dbpedia.org/resource/John_Stuart_Mill,http://dbpedia.org/ontology/deathPlace,http://dbpedia.org/resource/London_Borough_of_Islington,0,0.06469,0.000132,0.07
http://dbpedia.org/resource/Jean-Jacques_Rousseau,http://dbpedia.org/ontology/deathPlace,http://dbpedia.org/resource/Geneva,0,0.126189,6.7e-05,0.92
http://dbpedia.org/resource/Cornelius_Johnson_(artist),http://dbpedia.org/ontology/deathPlace,http://dbpedia.org/resource/London,0,0.055644,0.000118,0.16
"http://dbpedia.org/resource/Francis_II,_Holy_Roman_Emperor",http://dbpedia.org/ontology/birthPlace,http://dbpedia.org/resource/Vienna,0,0.088178,0.000136,0.66
http://dbpedia.org/resource/Fay_Wray,http://dbpedia.org/ontology/deathPlace,http://dbpedia.org/resource/Alberta,0,0.055191,1.1e-05,0.21
http://dbpedia.org/resource/Eduard_von_Böhm-Ermolli,http://dbpedia.org/ontology/birthPlace,http://dbpedia.org/resource/Opava,0,0.060184,4.4e-05,0.58
http://dbpedia.org/resource/Abd_al-Rahman_I,http://dbpedia.org/ontology/birthPlace,"http://dbpedia.org/resource/Córdoba,_Spain",0,0.072711,6.3e-05,0.21
http://dbpedia.org/resource/Fay_Wray,http://dbpedia.org/ontology/birthPlace,http://dbpedia.org/resource/New_York_City,0,0.06804,4.7e-05,0.58
http://dbpedia.org/resource/John_von_Neumann,http://dbpedia.org/ontology/birthPlace,"http://dbpedia.org/resource/Washington,_D.C.",0,0.099963,4.6e-05,0.93
http://dbpedia.org/resource/Amerigo_Vespucci,http://dbpedia.org/ontology/birthPlace,http://dbpedia.org/resource/Seville,0,0.132994,0.000147,0.99
http://dbpedia.org/resource/Henry_Moseley,http://dbpedia.org/ontology/birthPlace,http://dbpedia.org/resource/Gelibolu,0,0.075922,7.6e-05,0.2
http://dbpedia.org/resource/F._F._E._Yeo-Thomas,http://dbpedia.org/ontology/birthPlace,http://dbpedia.org/resource/Paris,0,0.059226,5.2e-05,0.64
http://dbpedia.org/resource/Henry_Moseley,http://dbpedia.org/ontology/deathPlace,"http://dbpedia.org/resource/Weymouth,_Dorset",0,0.176279,0.000213,0.99
http://dbpedia.org/resource/Abd_al-Rahman_I,http://dbpedia.org/ontology/deathPlace,http://dbpedia.org/resource/Damascus,0,0.070612,3.4e-05,0.55
http://dbpedia.org/resource/C._S._Forester,http://dbpedia.org/ontology/deathPlace,http://dbpedia.org/resource/Cairo,0,0.117458,0.000197,0.75
http://dbpedia.org/resource/Hawley_Harvey_Crippen,http://dbpedia.org/ontology/deathPlace,"http://dbpedia.org/resource/Coldwater,_Michigan",0,0.192691,0.000137,0.94
http://dbpedia.org/resource/John_Peel,http://dbpedia.org/ontology/birthPlace,http://dbpedia.org/resource/Cusco,0,0.178091,0.000131,0.99
"http://dbpedia.org/resource/Christina,_Queen_of_Sweden",http://dbpedia.org/ontology/birthPlace,http://dbpedia.org/resource/Rome,0,0.051436,1.9e-05,0.52
http://dbpedia.org/resource/John_Peel,http://dbpedia.org/ontology/deathPlace,http://dbpedia.org/resource/Heswall,0,0.250267,0.000229,0.97
http://dbpedia.org/resource/André_Weil,http://dbpedia.org/ontology/birthPlace,"http://dbpedia.org/resource/Princeton,_New_Jersey",0,0.137641,8.3e-05,0.98
http://dbpedia.org/resource/John_von_Neumann,http://dbpedia.org/ontology/deathPlace,http://dbpedia.org/resource/Budapest,0,0.107218,0.000134,0.53
http://dbpedia.org/resource/Eugene_Wigner,http://dbpedia.org/ontology/birthPlace,"http://dbpedia.org/resource/Princeton,_New_Jersey",0,0.137641,0.000143,1.0
http://dbpedia.org/resource/Emma_Goldman,http://dbpedia.org/ontology/birthPlace,http://dbpedia.org/resource/Toronto,0,0.099205,5.9e-05,0.79
http://dbpedia.org/resource/Augustus_II_the_Strong,http://dbpedia.org/ontology/deathPlace,http://dbpedia.org/resource/Dresden,0,0.093266,7.9e-05,0.64
http://dbpedia.org/resource/Frédéric_Bastiat,http://dbpedia.org/ontology/birthPlace,http://dbpedia.org/resource/Rome,0,0.102577,0.000111,0.5
"http://dbpedia.org/resource/Francis_II,_Holy_Roman_Emperor",http://dbpedia.org/ontology/deathPlace,http://dbpedia.org/resource/Florence,0,0.074633,3.6e-05,0.46
http://dbpedia.org/resource/Eduard_von_Böhm-Ermolli,http://dbpedia.org/ontology/deathPlace,http://dbpedia.org/resource/Ancona,0,0.060211,2.8e-05,0.33
http://dbpedia.org/resource/Austen_Henry_Layard,http://dbpedia.org/ontology/birthPlace,http://dbpedia.org/resource/London,0,0.074976,0.000378,0.47
http://dbpedia.org/resource/Joe_Strummer,http://dbpedia.org/ontology/birthPlace,"http://dbpedia.org/resource/Broomfield,_Somerset",0,0.286952,0.000204,1.0
"http://dbpedia.org/resource/Christina,_Queen_of_Sweden",http://dbpedia.org/ontology/deathPlace,http://dbpedia.org/resource/Stockholm,0,0.065548,0.000961,0.13
http://dbpedia.org/resource/Irenaeus,http://dbpedia.org/ontology/birthPlace,http://dbpedia.org/resource/Lyon,0,0.102502,0.000957,0.39
http://dbpedia.org/resource/Cornelius_Johnson_(artist),http://dbpedia.org/ontology/birthPlace,http://dbpedia.org/resource/Utrecht,0,0.13483,0.000337,0.87
http://dbpedia.org/resource/Alfred_Hitchcock,http://dbpedia.org/ontology/deathPlace,http://dbpedia.org/resource/London,0,0.077036,0.000118,0.81
http://dbpedia.org/resource/Adelaide_of_Italy,http://dbpedia.org/ontology/birthPlace,http://dbpedia.org/resource/Alsace,0,0.162668,0.000201,0.99
http://dbpedia.org/resource/Frédéric_Bastiat,http://dbpedia.org/ontology/deathPlace,http://dbpedia.org/resource/Bayonne,0,0.166372,0.000398,1.0
http://dbpedia.org/resource/John_Stuart_Mill,http://dbpedia.org/ontology/birthPlace,http://dbpedia.org/resource/Avignon,0,0.159154,0.000228,0.99
http://dbpedia.org/resource/Carlo_Goldoni,http://dbpedia.org/ontology/birthPlace,http://dbpedia.org/resource/Paris,0,0.09787,9.7e-05,0.56
http://dbpedia.org/resource/Benoit_Mandelbrot,http://dbpedia.org/ontology/birthPlace,"http://dbpedia.org/resource/Cambridge,_Massachusetts",0,0.081741,5.9e-05,0.39
http://dbpedia.org/resource/Aaliyah,http://dbpedia.org/ontology/birthPlace,http://dbpedia.org/resource/Marsh_Harbour,0,0.312771,0.001291,0.9
http://dbpedia.org/resource/Henry_I_of_England,http://dbpedia.org/ontology/birthPlace,http://dbpedia.org/resource/Lyons-la-Forêt,0,0.08401,0.000755,0.09
http://dbpedia.org/resource/James_Clavell,http://dbpedia.org/ontology/birthPlace,http://dbpedia.org/resource/Vevey,0,0.187591,0.000134,0.99
http://dbpedia.org/resource/Irenaeus,http://dbpedia.org/ontology/deathPlace,http://dbpedia.org/resource/İzmir,0,0.077524,0.000165,0.52
http://dbpedia.org/resource/Ernst_Mayr,http://dbpedia.org/ontology/birthPlace,"http://dbpedia.org/resource/Bedford,_Massachusetts",0,0.204423,0.000101,0.98
http://dbpedia.org/resource/J._R._R._Tolkien,http://dbpedia.org/ontology/birthPlace,http://dbpedia.org/resource/Bournemouth,0,0.140973,7.6e-05,0.96
http://dbpedia.org/resource/Henry_I_of_England,http://dbpedia.org/ontology/deathPlace,http://dbpedia.org/resource/Selby,0,0.060528,0.000134,0.21
http://dbpedia.org/resource/Bernardo_O'Higgins,http://dbpedia.org/ontology/deathPlace,http://dbpedia.org/resource/Chillán,0,0.152603,0.00139,0.94
"http://dbpedia.org/resource/Diana,_Princess_of_Wales",http://dbpedia.org/ontology/birthPlace,http://dbpedia.org/resource/Paris,0,0.076623,8.7e-05,0.29
http://dbpedia.org/resource/Amerigo_Vespucci,http://dbpedia.org/ontology/deathPlace,http://dbpedia.org/resource/Florence,0,0.123749,0.000287,0.88
http://dbpedia.org/resource/C._S._Forester,http://dbpedia.org/ontology/birthPlace,"http://dbpedia.org/resource/Fullerton,_California",0,0.159676,9.7e-05,0.96
http://dbpedia.org/resource/Bernardo_O'Higgins,http://dbpedia.org/ontology/birthPlace,http://dbpedia.org/resource/Lima,0,0.097944,0.000624,0.36
http://dbpedia.org/resource/John_A._Macdonald,http://dbpedia.org/ontology/deathPlace,http://dbpedia.org/resource/Glasgow,0,0.106115,6.4e-05,0.62
http://dbpedia.org/resource/Augustus_II_the_Strong,http://dbpedia.org/ontology/birthPlace,http://dbpedia.org/resource/Warsaw,0,0.072804,0.000178,0.42
http://dbpedia.org/resource/André_Weil,http://dbpedia.org/ontology/deathPlace,http://dbpedia.org/resource/Paris,0,0.09787,0.000268,0.1
http://dbpedia.org/resource/Abbas_II_of_Egypt,http://dbpedia.org/ontology/deathPlace,http://dbpedia.org/resource/Alexandria,0,0.078208,0.000167,0.52
http://dbpedia.org/resource/Alexander_Kerensky,http://dbpedia.org/ontology/birthPlace,http://dbpedia.org/resource/New_York_City,0,0.090201,4.6e-05,0.84
"http://dbpedia.org/resource/Diana,_Princess_of_Wales",http://dbpedia.org/ontology/deathPlace,"http://dbpedia.org/resource/Sandringham,_Norfolk",0,0.14522,0.000894,0.94
