subject,predicate,object,truth,katz,ks,adamic_adar,simrank,kl_rel,degree_product,ensemble_score
http://dbpedia.org/resource/Gregory_Bateson,http://dbpedia.org/ontology/birthPlace,http://dbpedia.org/resource/Grantchester,1,0.011125,0.034462,0.0,0.000169,0.059209,650.0,0
http://dbpedia.org/resource/C._S._Forester,http://dbpedia.org/ontology/birthPlace,http://dbpedia.org/resource/Cairo,1,0.317625,0.045356,0.348404,0.000114,0.167179,54990.0,0
http://dbpedia.org/resource/Emma_Goldman,http://dbpedia.org/ontology/deathPlace,http://dbpedia.org/resource/Toronto,1,1.332375,0.04189,0.110131,3.6e-05,0.113571,298486.0,0
http://dbpedia.org/resource/Abd_al-Rahman_I,http://dbpedia.org/ontology/birthPlace,http://dbpedia.org/resource/Damascus,1,0.0,0.050632,0.0,3.1e-05,0.089922,5355.0,0
http://dbpedia.org/resource/Augustus_II_the_Strong,http://dbpedia.org/ontology/deathPlace,http://dbpedia.org/resource/Warsaw,1,0.0015,0.077942,0.0,0.00017,0.136758,67914.0,0
http://dbpedia.org/resource/Augustus_II_the_Strong,http://dbpedia.org/ontology/birthPlace,http://dbpedia.org/resource/Dresden,1,0.000875,0.089231,0.0,8.5e-05,0.17004,15290.0,0
http://dbpedia.org/resource/Hawley_Harvey_Crippen,http://dbpedia.org/ontology/deathPlace,http://dbpedia.org/resource/London,1,4.3265,0.068394,0.196315,0.000377,0.178592,136866.0,0
http://dbpedia.org/resource/J._R._R._Tolkien,http://dbpedia.org/ontology/deathPlace,http://dbpedia.org/resource/Bournemouth,1,0.098875,0.112085,0.849342,0.000139,0.309026,60691.0,0
http://dbpedia.org/resource/Abbas_II_of_Egypt,http://dbpedia.org/ontology/birthPlace,http://dbpedia.org/resource/Alexandria,1,0.002625,0.047468,0.0,0.000271,0.111966,5688.0,0
http://dbpedia.org/resource/John_von_Neumann,http://dbpedia.org/ontology/birthPlace,http://dbpedia.org/resource/Budapest,1,0.93,0.098703,1.890915,0.000119,0.239746,611684.0,0
http://dbpedia.org/resource/Joris_Ivens,http://dbpedia.org/ontology/birthPlace,http://dbpedia.org/resource/Nijmegen,1,0.0755,0.034252,0.105761,0.000184,0.082732,5800.0,0
http://dbpedia.org/resource/Benoit_Mandelbrot,http://dbpedia.org/ontology/birthPlace,http://dbpedia.org/resource/Warsaw,1,0.000875,0.04308,0.0,7e-05,0.085827,37044.0,0
http://dbpedia.org/resource/J._R._R._Tolkien,http://dbpedia.org/ontology/birthPlace,http://dbpedia.org/resource/Bloemfontein,1,0.073375,0.049128,0.222232,4.6e-05,0.17132,39867.0,0
http://dbpedia.org/resource/Anton_Chekhov,http://dbpedia.org/ontology/birthPlace,http://dbpedia.org/resource/Taganrog,1,0.05775,0.195843,1.590353,0.001073,0.257007,24790.0,0
http://dbpedia.org/resource/Aaliyah,http://dbpedia.org/ontology/deathPlace,http://dbpedia.org/resource/Marsh_Harbour,1,0.019,0.095992,0.5092,0.001485,0.247445,495.0,1
http://dbpedia.org/resource/Ivan_Bunin,http://dbpedia.org/ontology/deathPlace,http://dbpedia.org/resource/Paris,1,2.66625,0.041606,0.199036,0.000502,0.110485,201460.0,0
http://dbpedia.org/resource/Alexander_Kerensky,http://dbpedia.org/ontology/birthPlace,http://dbpedia.org/resource/Ulyanovsk,1,0.025375,0.094572,0.352956,0.000333,0.239784,2937.0,0
http://dbpedia.org/resource/Ernst_Mayr,http://dbpedia.org/ontology/birthPlace,http://dbpedia.org/resource/Kempten,1,0.008375,0.030608,0.0,9.3e-05,0.088773,817.0,0
http://dbpedia.org/resource/Austen_Henry_Layard,http://dbpedia.org/ontology/deathPlace,http://dbpedia.org/resource/London,1,0.06475,0.078423,0.712288,0.000478,0.203434,342165.0,0
http://dbpedia.org/resource/Douglas_Adams,http://dbpedia.org/ontology/deathPlace,"http://dbpedia.org/resource/Santa_Barbara,_California",1,0.0035,0.057783,0.0,2.7e-05,0.133754,37250.0,0
http://dbpedia.org/resource/James_Wilkinson,http://dbpedia.org/ontology/birthPlace,"http://dbpedia.org/resource/Benedict,_Maryland",1,0.002875,0.061053,0.220624,0.00211,0.174993,112.0,0
http://dbpedia.org/resource/Arthur_de_Gobineau,http://dbpedia.org/ontology/birthPlace,http://dbpedia.org/resource/Ville-d'Avray,1,0.004875,0.057444,0.0,0.00106,0.117686,260.0,0
"http://dbpedia.org/resource/Francis_II,_Holy_Roman_Emperor",http://dbpedia.org/ontology/birthPlace,http://dbpedia.org/resource/Florence,1,0.000375,0.053135,0.0,3.3e-05,0.11799,39237.0,0
http://dbpedia.org/resource/John_A._Roebling,http://dbpedia.org/ontology/birthPlace,http://dbpedia.org/resource/Mühlhausen,1,0.006,0.048281,0.0,0.000108,0.092498,306.0,0
http://dbpedia.org/resource/Cornelius_Johnson_(artist),http://dbpedia.org/ontology/deathPlace,http://dbpedia.org/resource/Utrecht,1,0.153,0.035725,0.105761,0.000419,0.126003,3060.0,0
http://dbpedia.org/resource/John_A._Macdonald,http://dbpedia.org/ontology/deathPlace,http://dbpedia.org/resource/Ottawa,1,0.842,0.136882,0.841355,0.000484,0.271728,180230.0,0
http://dbpedia.org/resource/John_A._Roebling,http://dbpedia.org/ontology/deathPlace,http://dbpedia.org/resource/New_York_City,1,3.539625,0.051107,0.459818,0.0004,0.170672,216117.0,0
http://dbpedia.org/resource/James_Wilkinson,http://dbpedia.org/ontology/deathPlace,http://dbpedia.org/resource/Mexico_City,1,1.416125,0.144137,0.700454,0.000105,0.805212,124180.0,0
http://dbpedia.org/resource/Arthur_de_Gobineau,http://dbpedia.org/ontology/deathPlace,http://dbpedia.org/resource/Turin,1,0.247875,0.04225,0.266214,0.000151,0.106688,16510.0,0
http://dbpedia.org/resource/Frédéric_Bastiat,http://dbpedia.org/ontology/deathPlace,http://dbpedia.org/resource/Rome,1,1.2525,0.036329,0.261189,0.000111,0.121024,119757.0,0
http://dbpedia.org/resource/Adelaide_of_Italy,http://dbpedia.org/ontology/birthPlace,http://dbpedia.org/resource/Orbe,1,0.004625,0.017348,0.0,0.00059,0.051812,330.0,0
"http://dbpedia.org/resource/Albert_VII,_Archduke_of_Austria",http://dbpedia.org/ontology/birthPlace,http://dbpedia.org/resource/Wiener_Neustadt,1,0.0,0.042907,0.0,3.2e-05,0.06023,930.0,0
http://dbpedia.org/resource/Irenaeus,http://dbpedia.org/ontology/birthPlace,http://dbpedia.org/resource/İzmir,1,0.05025,0.056701,0.100354,0.000142,0.134135,6540.0,0
http://dbpedia.org/resource/Henry_Moseley,http://dbpedia.org/ontology/birthPlace,"http://dbpedia.org/resource/Weymouth,_Dorset",1,0.02925,0.051149,0.141226,0.000293,0.122434,1605.0,0
http://dbpedia.org/resource/Eduard_von_Böhm-Ermolli,http://dbpedia.org/ontology/birthPlace,http://dbpedia.org/resource/Ancona,1,0.000375,0.035055,0.0,3.5e-05,0.053969,1573.0,0
http://dbpedia.org/resource/Henry_I_of_England,http://dbpedia.org/ontology/deathPlace,http://dbpedia.org/resource/Lyons-la-Forêt,1,0.0,0.032816,0.0,0.000767,0.067186,66.0,0
http://dbpedia.org/resource/Irenaeus,http://dbpedia.org/ontology/deathPlace,http://dbpedia.org/resource/Lyon,1,0.090875,0.092601,0.648658,0.001252,0.296957,12696.0,1
http://dbpedia.org/resource/F._F._E._Yeo-Thomas,http://dbpedia.org/ontology/deathPlace,http://dbpedia.org/resource/Paris,1,0.02775,0.037803,0.0,7.9e-05,0.078266,80584.0,0
http://dbpedia.org/resource/Eugene_Wigner,http://dbpedia.org/ontology/deathPlace,"http://dbpedia.org/resource/Princeton,_New_Jersey",1,0.07525,0.065928,0.0,0.00019,0.082176,8942.0,0
http://dbpedia.org/resource/Anton_Chekhov,http://dbpedia.org/ontology/deathPlace,http://dbpedia.org/resource/Badenweiler,1,0.01875,0.048992,0.0,0.000127,0.122548,1340.0,0
"http://dbpedia.org/resource/Diana,_Princess_of_Wales",http://dbpedia.org/ontology/deathPlace,http://dbpedia.org/resource/Paris,1,0.002625,0.0513,0.352956,0.000166,0.133713,221606.0,0
http://dbpedia.org/resource/Abd_al-Rahman_I,http://dbpedia.org/ontology/deathPlace,"http://dbpedia.org/resource/Córdoba,_Spain",1,0.0,0.043868,0.0,7.2e-05,0.093226,1680.0,0
http://dbpedia.org/resource/Frank_Capra,http://dbpedia.org/ontology/birthPlace,http://dbpedia.org/resource/Bisacquino,1,0.0,0.036751,0.0,1.1e-05,0.057957,396.0,0
"http://dbpedia.org/resource/Albert_VII,_Archduke_of_Austria",http://dbpedia.org/ontology/deathPlace,http://dbpedia.org/resource/Brussels,1,0.00025,0.070726,0.0,0.00017,0.099406,29055.0,0
http://dbpedia.org/resource/Catherine_of_Aragon,http://dbpedia.org/ontology/deathPlace,http://dbpedia.org/resource/Huntingdonshire,1,0.0,0.034582,0.0,6.1e-05,0.061096,885.0,0
http://dbpedia.org/resource/C._S._Forester,http://dbpedia.org/ontology/deathPlace,"http://dbpedia.org/resource/Fullerton,_California",1,0.028875,0.031849,0.0,4.8e-05,0.056259,5790.0,0
http://dbpedia.org/resource/John_von_Neumann,http://dbpedia.org/ontology/deathPlace,"http://dbpedia.org/resource/Washington,_D.C.",1,1.7905,0.069992,0.195641,5.5e-05,0.108229,1203684.0,0
"http://dbpedia.org/resource/Christina,_Queen_of_Sweden",http://dbpedia.org/ontology/deathPlace,http://dbpedia.org/resource/Rome,1,0.0,0.039981,0.0,2.3e-05,0.074797,37818.0,0
http://dbpedia.org/resource/James_Clavell,http://dbpedia.org/ontology/birthPlace,http://dbpedia.org/resource/Sydney,1,0.000125,0.051408,0.0,1.2e-05,0.093071,126960.0,0
http://dbpedia.org/resource/Henry_Moseley,http://dbpedia.org/ontology/deathPlace,http://dbpedia.org/resource/Gelibolu,1,0.000875,0.038365,0.0,5.9e-05,0.096503,360.0,0
http://dbpedia.org/resource/George_Frideric_Handel,http://dbpedia.org/ontology/deathPlace,http://dbpedia.org/resource/London,1,4.32875,0.068808,0.196315,0.000176,0.151825,410598.0,0
http://dbpedia.org/resource/Gregory_Bateson,http://dbpedia.org/ontology/deathPlace,http://dbpedia.org/resource/San_Francisco,1,0.005375,0.071441,0.217147,9.7e-05,0.11347,267500.0,0
http://dbpedia.org/resource/Fay_Wray,http://dbpedia.org/ontology/deathPlace,http://dbpedia.org/resource/New_York_City,1,0.009875,0.074585,0.276938,4.8e-05,0.183026,1416767.0,0
http://dbpedia.org/resource/Alfred_Hitchcock,http://dbpedia.org/ontology/deathPlace,"http://dbpedia.org/resource/Bel_Air,_Los_Angeles",1,0.039625,0.071472,0.378093,0.000164,0.188224,3458.0,0
http://dbpedia.org/resource/Frank_Capra,http://dbpedia.org/ontology/deathPlace,"http://dbpedia.org/resource/La_Quinta,_California",1,0.00025,0.046122,0.0,9e-05,0.062664,1716.0,0
http://dbpedia.org/resource/Eduard_von_Böhm-Ermolli,http://dbpedia.org/ontology/deathPlace,http://dbpedia.org/resource/Opava,1,0.0,0.033388,0.0,5.6e-05,0.06237,1023.0,0
http://dbpedia.org/resource/James_Clavell,http://dbpedia.org/ontology/deathPlace,http://dbpedia.org/resource/Vevey,1,0.019125,0.045192,0.0,0.000132,0.108607,1748.0,0
http://dbpedia.org/resource/Hawley_Harvey_Crippen,http://dbpedia.org/ontology/birthPlace,"http://dbpedia.org/resource/Coldwater,_Michigan",1,0.010625,0.020252,0.0,0.000132,0.051623,396.0,0
http://dbpedia.org/resource/John_A._Macdonald,http://dbpedia.org/ontology/birthPlace,http://dbpedia.org/resource/Glasgow,1,0.837,0.057859,0.227296,4.3e-05,0.096234,305118.0,0
http://dbpedia.org/resource/Bernardo_O'Higgins,http://dbpedia.org/ontology/birthPlace,http://dbpedia.org/resource/Chillán,1,0.003875,0.139506,0.558111,0.00141,0.276648,903.0,0
http://dbpedia.org/resource/Alexander_Kerensky,http://dbpedia.org/ontology/deathPlace,http://dbpedia.org/resource/New_York_City,1,4.6455,0.069474,0.199565,4.9e-05,0.115626,792429.0,0
http://dbpedia.org/resource/Eugene_Wigner,http://dbpedia.org/ontology/birthPlace,http://dbpedia.org/resource/Budapest,1,0.82925,0.091269,1.061232,0.000476,0.144024,70261.0,0
http://dbpedia.org/resource/Jean-Jacques_Rousseau,http://dbpedia.org/ontology/deathPlace,http://dbpedia.org/resource/Ermenonville,1,0.02525,0.025772,0.0,0.000559,0.062313,396.0,0
http://dbpedia.org/resource/Adelaide_of_Italy,http://dbpedia.org/ontology/deathPlace,http://dbpedia.org/resource/Alsace,1,0.0265,0.059566,0.0,0.000245,0.100368,2580.0,0
http://dbpedia.org/resource/Emma_Goldman,http://dbpedia.org/ontology/birthPlace,http://dbpedia.org/resource/Kaunas,1,0.079875,0.058225,0.396404,0.000126,0.176844,14688.0,0
http://dbpedia.org/resource/Alfred_Hitchcock,http://dbpedia.org/ontology/birthPlace,http://dbpedia.org/resource/London,1,0.062125,0.098428,1.347941,7.8e-05,0.262172,2075801.0,0
http://dbpedia.org/resource/Joe_Strummer,http://dbpedia.org/ontology/deathPlace,"http://dbpedia.org/resource/Broomfield,_Somerset",1,0.0165,0.023438,0.0,0.000216,0.054811,804.0,0
http://dbpedia.org/resource/F._F._E._Yeo-Thomas,http://dbpedia.org/ontology/birthPlace,http://dbpedia.org/resource/London,1,0.007,0.043265,0.0,5.6e-05,0.076584,182488.0,0
"http://dbpedia.org/resource/Christina,_Queen_of_Sweden",http://dbpedia.org/ontology/birthPlace,http://dbpedia.org/resource/Stockholm,1,0.00025,0.041565,0.0,0.000781,0.081909,25890.0,0
http://dbpedia.org/resource/Aaliyah,http://dbpedia.org/ontology/birthPlace,http://dbpedia.org/resource/Brooklyn,1,0.169,0.063984,0.36669,0.000149,0.161808,341165.0,0
"http://dbpedia.org/resource/Diana,_Princess_of_Wales",http://dbpedia.org/ontology/birthPlace,"http://dbpedia.org/resource/Sandringham,_Norfolk",1,0.00175,0.066229,0.0,0.000883,0.153577,110.0,0
http://dbpedia.org/resource/Joseph_Conrad,http://dbpedia.org/ontology/deathPlace,http://dbpedia.org/resource/Bishopsbourne,1,0.011375,0.040681,0.123816,0.001221,0.107905,238.0,0
http://dbpedia.org/resource/Amerigo_Vespucci,http://dbpedia.org/ontology/deathPlace,http://dbpedia.org/resource/Seville,1,0.108,0.052491,0.0,0.000117,0.12886,6780.0,0
http://dbpedia.org/resource/John_Stuart_Mill,http://dbpedia.org/ontology/birthPlace,http://dbpedia.org/resource/London_Borough_of_Islington,1,0.00475,0.032715,0.096663,0.000112,0.086752,5740.0,0
http://dbpedia.org/resource/Henry_I_of_England,http://dbpedia.org/ontology/birthPlace,http://dbpedia.org/resource/Selby,1,0.00025,0.027168,0.0,0.000194,0.067449,1298.0,0
http://dbpedia.org/resource/Benoit_Mandelbrot,http://dbpedia.org/ontology/deathPlace,"http://dbpedia.org/resource/Cambridge,_Massachusetts",1,0.001375,0.058328,0.0,4.9e-05,0.093996,15924.0,0
"http://dbpedia.org/resource/Francis_II,_Holy_Roman_Emperor",http://dbpedia.org/ontology/deathPlace,http://dbpedia.org/resource/Vienna,1,0.01,0.084214,0.936018,0.000205,0.09988,127743.0,0
http://dbpedia.org/resource/Amerigo_Vespucci,http://dbpedia.org/ontology/birthPlace,http://dbpedia.org/resource/Florence,1,0.246125,0.066133,0.348682,0.00028,0.162404,11890.0,0
http://dbpedia.org/resource/Bernardo_O'Higgins,http://dbpedia.org/ontology/deathPlace,http://dbpedia.org/resource/Lima,1,0.006875,0.115991,0.937034,0.000641,0.303237,34986.0,0
http://dbpedia.org/resource/Abbas_II_of_Egypt,http://dbpedia.org/ontology/deathPlace,http://dbpedia.org/resource/Geneva,1,0.00025,0.033972,0.0,1e-05,0.100491,9153.0,0
http://dbpedia.org/resource/Catherine_of_Aragon,http://dbpedia.org/ontology/birthPlace,http://dbpedia.org/resource/Alcalá_de_Henares,1,0.0,0.021212,0.0,4.6e-05,0.064277,355.0,0
http://dbpedia.org/resource/John_Stuart_Mill,http://dbpedia.org/ontology/deathPlace,http://dbpedia.org/resource/Avignon,1,0.044875,0.0878,0.417032,0.00013,0.2539,16154.0,0
http://dbpedia.org/resource/Douglas_Adams,http://dbpedia.org/ontology/birthPlace,http://dbpedia.org/resource/Cambridge,1,0.216,0.046231,0.144453,9.4e-05,0.123388,57550.0,0
http://dbpedia.org/resource/John_Peel,http://dbpedia.org/ontology/deathPlace,http://dbpedia.org/resource/Cusco,1,0.016,0.019028,0.0,0.000145,0.047582,1313.0,0
http://dbpedia.org/resource/Joris_Ivens,http://dbpedia.org/ontology/deathPlace,http://dbpedia.org/resource/Paris,1,1.72075,0.070291,0.108488,0.000134,0.123578,251825.0,0
http://dbpedia.org/resource/John_Peel,http://dbpedia.org/ontology/birthPlace,http://dbpedia.org/resource/Heswall,1,0.00475,0.028548,0.0,0.000224,0.068836,260.0,0
http://dbpedia.org/resource/Alfonso_IV_of_Aragon,http://dbpedia.org/ontology/deathPlace,http://dbpedia.org/resource/Barcelona,1,0.0005,0.041687,0.0,4.3e-05,0.127094,27450.0,0
http://dbpedia.org/resource/Ernst_Mayr,http://dbpedia.org/ontology/deathPlace,"http://dbpedia.org/resource/Bedford,_Massachusetts",1,0.009125,0.027198,0.0,7.2e-05,0.053314,931.0,0
http://dbpedia.org/resource/Cornelius_Johnson_(artist),http://dbpedia.org/ontology/birthPlace,http://dbpedia.org/resource/London,1,0.9155,0.038074,0.096663,7.1e-05,0.108933,114055.0,0
http://dbpedia.org/resource/Fay_Wray,http://dbpedia.org/ontology/birthPlace,http://dbpedia.org/resource/Alberta,1,0.0,0.029597,0.0,1e-05,0.084947,328689.0,0
http://dbpedia.org/resource/Austen_Henry_Layard,http://dbpedia.org/ontology/birthPlace,http://dbpedia.org/resource/Paris,1,0.009625,0.045956,0.213578,4.9e-05,0.166131,151095.0,0
http://dbpedia.org/resource/Frédéric_Bastiat,http://dbpedia.org/ontology/birthPlace,http://dbpedia.org/resource/Bayonne,1,0.04,0.035429,0.090548,0.000361,0.082435,2850.0,0
http://dbpedia.org/resource/André_Weil,http://dbpedia.org/ontology/birthPlace,http://dbpedia.org/resource/Paris,1,1.78925,0.057683,0.724973,0.000335,0.10989,201460.0,0
http://dbpedia.org/resource/Joseph_Conrad,http://dbpedia.org/ontology/birthPlace,http://dbpedia.org/resource/Berdychiv,1,0.014375,0.033604,0.0,8.1e-05,0.092104,1530.0,0
http://dbpedia.org/resource/George_Frideric_Handel,http://dbpedia.org/ontology/birthPlace,http://dbpedia.org/resource/Halle_(Saale),1,0.044375,0.154003,1.530224,0.000935,0.35416,4320.0,0
http://dbpedia.org/resource/Ivan_Bunin,http://dbpedia.org/ontology/birthPlace,http://dbpedia.org/resource/Voronezh,1,0.04,0.040791,0.0,0.000646,0.092104,4360.0,0
http://dbpedia.org/resource/Jean-Jacques_Rousseau,http://dbpedia.org/ontology/birthPlace,http://dbpedia.org/resource/Geneva,1,0.201875,0.0883,0.144412,5.6e-05,0.156517,134244.0,0
http://dbpedia.org/resource/Carlo_Goldoni,http://dbpedia.org/ontology/birthPlace,http://dbpedia.org/resource/Venice,1,0.193125,0.106536,1.229857,0.001617,0.332034,11508.0,0
http://dbpedia.org/resource/Joe_Strummer,http://dbpedia.org/ontology/birthPlace,http://dbpedia.org/resource/Ankara,1,0.180375,0.031353,0.0,2.1e-05,0.066497,73097.0,0
http://dbpedia.org/resource/Carlo_Goldoni,http://dbpedia.org/ontology/deathPlace,http://dbpedia.org/resource/Paris,1,1.709375,0.052571,0.108488,0.000104,0.121496,141022.0,0
http://dbpedia.org/resource/Ambrose,http://dbpedia.org/ontology/birthPlace,http://dbpedia.org/resource/Trier,1,0.022,0.040201,0.0,9.8e-05,0.085667,3429.0,0
http://dbpedia.org/resource/Alfonso_IV_of_Aragon,http://dbpedia.org/ontology/birthPlace,http://dbpedia.org/resource/Naples,1,0.0,0.040691,0.0,0.000247,0.086699,16030.0,0
http://dbpedia.org/resource/André_Weil,http://dbpedia.org/ontology/deathPlace,"http://dbpedia.org/resource/Princeton,_New_Jersey",1,0.08075,0.053076,0.0,7.5e-05,0.087028,10520.0,0
http://dbpedia.org/resource/Emma_Goldman,http://dbpedia.org/ontology/deathPlace,http://dbpedia.org/resource/Kaunas,0,0.079875,0.177504,0.396404,0.000192,0.893574,14688.0,0
http://dbpedia.org/resource/John_A._Roebling,http://dbpedia.org/ontology/deathPlace,http://dbpedia.org/resource/Mühlhausen,0,0.006,0.239683,0.0,0.000139,0.893574,306.0,0
http://dbpedia.org/resource/James_Clavell,http://dbpedia.org/ontology/deathPlace,http://dbpedia.org/resource/Sydney,0,0.000125,0.045928,0.0,1.1e-05,0.104019,126960.0,0
http://dbpedia.org/resource/Ambrose,http://dbpedia.org/ontology/birthPlace,http://dbpedia.org/resource/Milan,0,0.4565,0.18937,0.125975,0.001608,0.893574,75654.0,0
http://dbpedia.org/resource/Frank_Capra,http://dbpedia.org/ontology/deathPlace,http://dbpedia.org/resource/Bisacquino,0,0.0,0.033502,0.0,1.5e-05,0.054012,396.0,0
http://dbpedia.org/resource/Alexander_Kerensky,http://dbpedia.org/ontology/deathPlace,http://dbpedia.org/resource/Ulyanovsk,0,0.025375,0.251584,0.352956,0.00026,0.893574,2937.0,0
http://dbpedia.org/resource/Arthur_de_Gobineau,http://dbpedia.org/ontology/deathPlace,http://dbpedia.org/resource/Ville-d'Avray,0,0.004875,0.275296,0.0,0.000985,0.893574,260.0,0
http://dbpedia.org/resource/Eugene_Wigner,http://dbpedia.org/ontology/deathPlace,http://dbpedia.org/resource/Budapest,0,0.82925,0.168194,1.061232,0.000556,0.893574,70261.0,0
http://dbpedia.org/resource/George_Frideric_Handel,http://dbpedia.org/ontology/deathPlace,http://dbpedia.org/resource/Halle_(Saale),0,0.044375,0.255925,1.530224,0.001299,0.893574,4320.0,0
http://dbpedia.org/resource/Douglas_Adams,http://dbpedia.org/ontology/birthPlace,"http://dbpedia.org/resource/Santa_Barbara,_California",0,0.0035,0.052067,0.0,2.8e-05,0.129734,37250.0,0
http://dbpedia.org/resource/Catherine_of_Aragon,http://dbpedia.org/ontology/birthPlace,http://dbpedia.org/resource/Huntingdonshire,0,0.0,0.034712,0.0,6.3e-05,0.060499,885.0,0
http://dbpedia.org/resource/Alfonso_IV_of_Aragon,http://dbpedia.org/ontology/birthPlace,http://dbpedia.org/resource/Barcelona,0,0.0005,0.038938,0.0,5.9e-05,0.121093,27450.0,0
http://dbpedia.org/resource/Douglas_Adams,http://dbpedia.org/ontology/deathPlace,http://dbpedia.org/resource/Cambridge,0,0.216,0.147369,0.144453,6.3e-05,0.893574,57550.0,0
http://dbpedia.org/resource/Joseph_Conrad,http://dbpedia.org/ontology/birthPlace,http://dbpedia.org/resource/Bishopsbourne,0,0.011375,0.336809,0.123816,0.001107,0.893574,238.0,0
http://dbpedia.org/resource/Alfonso_IV_of_Aragon,http://dbpedia.org/ontology/deathPlace,http://dbpedia.org/resource/Naples,0,0.0,0.037345,0.0,0.000211,0.092856,16030.0,0
http://dbpedia.org/resource/Arthur_de_Gobineau,http://dbpedia.org/ontology/birthPlace,http://dbpedia.org/resource/Turin,0,0.247875,0.139635,0.266214,0.000157,0.893574,16510.0,0
"http://dbpedia.org/resource/Albert_VII,_Archduke_of_Austria",http://dbpedia.org/ontology/deathPlace,http://dbpedia.org/resource/Wiener_Neustadt,0,0.0,0.044525,0.0,3.4e-05,0.064142,930.0,0
http://dbpedia.org/resource/Joseph_Conrad,http://dbpedia.org/ontology/deathPlace,http://dbpedia.org/resource/Berdychiv,0,0.014375,0.215909,0.0,7e-05,0.893574,1530.0,0
http://dbpedia.org/resource/Catherine_of_Aragon,http://dbpedia.org/ontology/deathPlace,http://dbpedia.org/resource/Alcalá_de_Henares,0,0.0,0.022629,0.0,4.2e-05,0.069074,355.0,0
http://dbpedia.org/resource/Joris_Ivens,http://dbpedia.org/ontology/deathPlace,http://dbpedia.org/resource/Nijmegen,0,0.0755,0.165816,0.105761,0.000186,0.893574,5800.0,0
http://dbpedia.org/resource/Gregory_Bateson,http://dbpedia.org/ontology/deathPlace,http://dbpedia.org/resource/Grantchester,0,0.011125,0.282076,0.0,0.000198,0.893574,650.0,0
http://dbpedia.org/resource/James_Wilkinson,http://dbpedia.org/ontology/birthPlace,http://dbpedia.org/resource/Mexico_City,0,1.416125,0.231094,0.700454,0.000117,0.893574,124180.0,0
http://dbpedia.org/resource/Ivan_Bunin,http://dbpedia.org/ontology/deathPlace,http://dbpedia.org/resource/Voronezh,0,0.04,0.17247,0.0,0.000674,0.893574,4360.0,0
http://dbpedia.org/resource/J._R._R._Tolkien,http://dbpedia.org/ontology/deathPlace,http://dbpedia.org/resource/Bloemfontein,0,0.073375,0.174248,0.222232,5.4e-05,0.893574,39867.0,0
http://dbpedia.org/resource/Gregory_Bateson,http://dbpedia.org/ontology/birthPlace,http://dbpedia.org/resource/San_Francisco,0,0.005375,0.072029,0.217147,9.2e-05,0.113513,267500.0,0
http://dbpedia.org/resource/Jean-Jacques_Rousseau,http://dbpedia.org/ontology/birthPlace,http://dbpedia.org/resource/Ermenonville,0,0.02525,0.447949,0.0,0.000703,0.893574,396.0,0
http://dbpedia.org/resource/Alfred_Hitchcock,http://dbpedia.org/ontology/birthPlace,"http://dbpedia.org/resource/Bel_Air,_Los_Angeles",0,0.039625,0.253382,0.378093,0.000162,0.893574,3458.0,0
http://dbpedia.org/resource/F._F._E._Yeo-Thomas,http://dbpedia.org/ontology/deathPlace,http://dbpedia.org/resource/London,0,0.007,0.041803,0.0,3.6e-05,0.081084,182488.0,0
http://dbpedia.org/resource/Ernst_Mayr,http://dbpedia.org/ontology/deathPlace,http://dbpedia.org/resource/Kempten,0,0.008375,0.212503,0.0,9.7e-05,0.893574,817.0,0
http://dbpedia.org/resource/Frank_Capra,http://dbpedia.org/ontology/birthPlace,"http://dbpedia.org/resource/La_Quinta,_California",0,0.00025,0.043974,0.0,8.2e-05,0.063945,1716.0,0
http://dbpedia.org/resource/Ivan_Bunin,http://dbpedia.org/ontology/birthPlace,http://dbpedia.org/resource/Paris,0,2.66625,0.127152,0.199036,0.000397,0.893574,201460.0,0
http://dbpedia.org/resource/Carlo_Goldoni,http://dbpedia.org/ontology/deathPlace,http://dbpedia.org/resource/Venice,0,0.193125,0.207211,1.229857,0.001458,0.893574,11508.0,0
http://dbpedia.org/resource/Anton_Chekhov,http://dbpedia.org/ontology/birthPlace,http://dbpedia.org/resource/Badenweiler,0,0.01875,0.311087,0.0,0.000143,0.893574,1340.0,0
http://dbpedia.org/resource/Austen_Henry_Layard,http://dbpedia.org/ontology/deathPlace,http://dbpedia.org/resource/Paris,0,0.009625,0.046361,0.213578,6.1e-05,0.146762,151095.0,0
http://dbpedia.org/resource/John_A._Macdonald,http://dbpedia.org/ontology/birthPlace,http://dbpedia.org/resource/Ottawa,0,0.842,0.200699,0.841355,0.000433,0.893574,180230.0,0
http://dbpedia.org/resource/Joe_Strummer,http://dbpedia.org/ontology/deathPlace,http://dbpedia.org/resource/Ankara,0,0.180375,0.142522,0.0,2.6e-05,0.893574,73097.0,0
"http://dbpedia.org/resource/Albert_VII,_Archduke_of_Austria",http://dbpedia.org/ontology/birthPlace,http://dbpedia.org/resource/Brussels,0,0.00025,0.068605,0.0,0.000135,0.089123,29055.0,0
http://dbpedia.org/resource/Anton_Chekhov,http://dbpedia.org/ontology/deathPlace,http://dbpedia.org/resource/Taganrog,0,0.05775,0.312946,1.590353,0.000977,0.893574,24790.0,0
http://dbpedia.org/resource/Benoit_Mandelbrot,http://dbpedia.org/ontology/deathPlace,http://dbpedia.org/resource/Warsaw,0,0.000875,0.04571,0.0,4.4e-05,0.092955,37044.0,0
http://dbpedia.org/resource/George_Frideric_Handel,http://dbpedia.org/ontology/birthPlace,http://dbpedia.org/resource/London,0,4.32875,0.132589,0.196315,0.000138,0.893574,410598.0,0
http://dbpedia.org/resource/Adelaide_of_Italy,http://dbpedia.org/ontology/deathPlace,http://dbpedia.org/resource/Orbe,0,0.004625,0.235254,0.0,0.00055,0.893574,330.0,0
http://dbpedia.org/resource/James_Wilkinson,http://dbpedia.org/ontology/deathPlace,"http://dbpedia.org/resource/Benedict,_Maryland",0,0.002875,0.056688,0.220624,0.001676,0.156259,112.0,0
http://dbpedia.org/resource/Aaliyah,http://dbpedia.org/ontology/deathPlace,http://dbpedia.org/resource/Brooklyn,0,0.169,0.057909,0.36669,0.000128,0.161024,341165.0,0
http://dbpedia.org/resource/Hawley_Harvey_Crippen,http://dbpedia.org/ontology/birthPlace,http://dbpedia.org/resource/London,0,4.3265,0.135466,0.196315,0.000397,0.893574,136866.0,0
http://dbpedia.org/resource/Abbas_II_of_Egypt,http://dbpedia.org/ontology/birthPlace,http://dbpedia.org/resource/Geneva,0,0.00025,0.031814,0.0,9e-06,0.092233,9153.0,0
http://dbpedia.org/resource/Joris_Ivens,http://dbpedia.org/ontology/birthPlace,http://dbpedia.org/resource/Paris,0,1.72075,0.1422,0.108488,0.000132,0.893574,251825.0,0
http://dbpedia.org/resource/John_A._Roebling,http://dbpedia.org/ontology/birthPlace,http://dbpedia.org/resource/New_York_City,0,3.539625,0.126311,0.459818,0.000402,0.893574,216117.0,0
http://dbpedia.org/resource/John_Stuart_Mill,http://dbpedia.org/ontology/deathPlace,http://dbpedia.org/resource/London_Borough_of_Islington,0,0.00475,0.031423,0.096663,0.000132,0.077492,5740.0,0
http://dbpedia.org/resource/Jean-Jacques_Rousseau,http://dbpedia.org/ontology/deathPlace,http://dbpedia.org/resource/Geneva,0,0.201875,0.166039,0.144412,6.7e-05,0.893574,134244.0,0
http://dbpedia.org/resource/Cornelius_Johnson_(artist),http://dbpedia.org/ontology/deathPlace,http://dbpedia.org/resource/London,0,0.9155,0.03342,0.096663,0.000118,0.123298,114055.0,0
"http://dbpedia.org/resource/Francis_II,_Holy_Roman_Emperor",http://dbpedia.org/ontology/birthPlace,http://dbpedia.org/resource/Vienna,0,0.01,0.076222,0.936018,0.000136,0.097074,127743.0,0
http://dbpedia.org/resource/Fay_Wray,http://dbpedia.org/ontology/deathPlace,http://dbpedia.org/resource/Alberta,0,0.0,0.034875,0.0,1.1e-05,0.088136,328689.0,0
http://dbpedia.org/resource/Eduard_von_Böhm-Ermolli,http://dbpedia.org/ontology/birthPlace,http://dbpedia.org/resource/Opava,0,0.0,0.034124,0.0,4.4e-05,0.06653,1023.0,0
http://dbpedia.org/resource/Abd_al-Rahman_I,http://dbpedia.org/ontology/birthPlace,"http://dbpedia.org/resource/Córdoba,_Spain",0,0.0,0.042981,0.0,6.3e-05,0.080343,1680.0,0
http://dbpedia.org/resource/Fay_Wray,http://dbpedia.org/ontology/birthPlace,http://dbpedia.org/resource/New_York_City,0,0.009875,0.080171,0.276938,4.7e-05,0.166241,1416767.0,0
http://dbpedia.org/resource/John_von_Neumann,http://dbpedia.org/ontology/birthPlace,"http://dbpedia.org/resource/Washington,_D.C.",0,1.7905,0.150672,0.195641,4.6e-05,0.893574,1203684.0,0
http://dbpedia.org/resource/Amerigo_Vespucci,http://dbpedia.org/ontology/birthPlace,http://dbpedia.org/resource/Seville,0,0.108,0.161779,0.0,0.000147,0.893574,6780.0,0
http://dbpedia.org/resource/Henry_Moseley,http://dbpedia.org/ontology/birthPlace,http://dbpedia.org/resource/Gelibolu,0,0.000875,0.035067,0.0,7.6e-05,0.090476,360.0,0
http://dbpedia.org/resource/F._F._E._Yeo-Thomas,http://dbpedia.org/ontology/birthPlace,http://dbpedia.org/resource/Paris,0,0.02775,0.03561,0.0,5.2e-05,0.073804,80584.0,0
http://dbpedia.org/resource/Henry_Moseley,http://dbpedia.org/ontology/deathPlace,"http://dbpedia.org/resource/Weymouth,_Dorset",0,0.02925,0.200856,0.141226,0.000213,0.893574,1605.0,0
http://dbpedia.org/resource/Abd_al-Rahman_I,http://dbpedia.org/ontology/deathPlace,http://dbpedia.org/resource/Damascus,0,0.0,0.053687,0.0,3.4e-05,0.097114,5355.0,0
http://dbpedia.org/resource/C._S._Forester,http://dbpedia.org/ontology/deathPlace,http://dbpedia.org/resource/Cairo,0,0.317625,0.143875,0.348404,0.000197,0.893574,54990.0,0
http://dbpedia.org/resource/Hawley_Harvey_Crippen,http://dbpedia.org/ontology/deathPlace,"http://dbpedia.org/resource/Coldwater,_Michigan",0,0.010625,0.187611,0.0,0.000137,0.893574,396.0,0
http://dbpedia.org/resource/John_Peel,http://dbpedia.org/ontology/birthPlace,http://dbpedia.org/resource/Cusco,0,0.016,0.176005,0.0,0.000131,0.893574,1313.0,0
"http://dbpedia.org/resource/Christina,_Queen_of_Sweden",http://dbpedia.org/ontology/birthPlace,http://dbpedia.org/resource/Rome,0,0.0,0.036437,0.0,1.9e-05,0.077242,37818.0,0
http://dbpedia.org/resource/John_Peel,http://dbpedia.org/ontology/deathPlace,http://dbpedia.org/resource/Heswall,0,0.00475,0.243921,0.0,0.000229,0.893574,260.0,0
http://dbpedia.org/resource/André_Weil,http://dbpedia.org/ontology/birthPlace,"http://dbpedia.org/resource/Princeton,_New_Jersey",0,0.08075,0.162808,0.0,8.3e-05,0.893574,10520.0,0
http://dbpedia.org/resource/John_von_Neumann,http://dbpedia.org/ontology/deathPlace,http://dbpedia.org/resource/Budapest,0,0.93,0.188082,1.890915,0.000134,0.893574,611684.0,0
http://dbpedia.org/resource/Eugene_Wigner,http://dbpedia.org/ontology/birthPlace,"http://dbpedia.org/resource/Princeton,_New_Jersey",0,0.07525,0.18221,0.0,0.000143,0.893574,8942.0,0
http://dbpedia.org/resource/Emma_Goldman,http://dbpedia.org/ontology/birthPlace,http://dbpedia.org/resource/Toronto,0,1.332375,0.116027,0.110131,5.9e-05,0.893574,298486.0,0
http://dbpedia.org/resource/Augustus_II_the_Strong,http://dbpedia.org/ontology/deathPlace,http://dbpedia.org/resource/Dresden,0,0.000875,0.096133,0.0,7.9e-05,0.192654,15290.0,0
http://dbpedia.org/resource/Frédéric_Bastiat,http://dbpedia.org/ontology/birthPlace,http://dbpedia.org/resource/Rome,0,1.2525,0.127503,0.261189,0.000111,0.893574,119757.0,0
"http://dbpedia.org/resource/Francis_II,_Holy_Roman_Emperor",http://dbpedia.org/ontology/deathPlace,http://dbpedia.org/resource/Florence,0,0.000375,0.051986,0.0,3.6e-05,0.128807,39237.0,0
http://dbpedia.org/resource/Eduard_von_Böhm-Ermolli,http://dbpedia.org/ontology/deathPlace,http://dbpedia.org/resource/Ancona,0,0.000375,0.029753,0.0,2.8e-05,0.05291,1573.0,0
http://dbpedia.org/resource/Austen_Henry_Layard,http://dbpedia.org/ontology/birthPlace,http://dbpedia.org/resource/London,0,0.06475,0.075522,0.712288,0.000378,0.20394,342165.0,0
http://dbpedia.org/resource/Joe_Strummer,http://dbpedia.org/ontology/birthPlace,"http://dbpedia.org/resource/Broomfield,_Somerset",0,0.0165,0.276488,0.0,0.000204,0.893574,804.0,0
"http://dbpedia.org/resource/Christina,_Queen_of_Sweden",http://dbpedia.org/ontology/deathPlace,http://dbpedia.org/resource/Stockholm,0,0.00025,0.040881,0.0,0.000961,0.097584,25890.0,0
http://dbpedia.org/resource/Irenaeus,http://dbpedia.org/ontology/birthPlace,http://dbpedia.org/resource/Lyon,0,0.090875,0.09112,0.648658,0.000957,0.259546,12696.0,0
http://dbpedia.org/resource/Cornelius_Johnson_(artist),http://dbpedia.org/ontology/birthPlace,http://dbpedia.org/resource/Utrecht,0,0.153,0.154668,0.105761,0.000337,0.893574,3060.0,0
http://dbpedia.org/resource/Alfred_Hitchcock,http://dbpedia.org/ontology/deathPlace,http://dbpedia.org/resource/London,0,0.062125,0.098321,1.347941,0.000118,0.27786,2075801.0,0
http://dbpedia.org/resource/Adelaide_of_Italy,http://dbpedia.org/ontology/birthPlace,http://dbpedia.org/resource/Alsace,0,0.0265,0.201923,0.0,0.000201,0.893574,2580.0,0
http://dbpedia.org/resource/Frédéric_Bastiat,http://dbpedia.org/ontology/deathPlace,http://dbpedia.org/resource/Bayonne,0,0.04,0.181799,0.090548,0.000398,0.893574,2850.0,0
http://dbpedia.org/resource/John_Stuart_Mill,http://dbpedia.org/ontology/birthPlace,http://dbpedia.org/resource/Avignon,0,0.044875,0.220527,0.417032,0.000228,0.893574,16154.0,0
http://dbpedia.org/resource/Carlo_Goldoni,http://dbpedia.org/ontology/birthPlace,http://dbpedia.org/resource/Paris,0,1.709375,0.126575,0.108488,9.7e-05,0.893574,141022.0,0
http://dbpedia.org/resource/Benoit_Mandelbrot,http://dbpedia.org/ontology/birthPlace,"http://dbpedia.org/resource/Cambridge,_Massachusetts",0,0.001375,0.05269,0.0,5.9e-05,0.084959,15924.0,0
http://dbpedia.org/resource/Aaliyah,http://dbpedia.org/ontology/birthPlace,http://dbpedia.org/resource/Marsh_Harbour,0,0.019,0.36699,0.5092,0.001291,0.893574,495.0,0
http://dbpedia.org/resource/Henry_I_of_England,http://dbpedia.org/ontology/birthPlace,http://dbpedia.org/resource/Lyons-la-Forêt,0,0.0,0.036512,0.0,0.000755,0.072698,66.0,0
http://dbpedia.org/resource/James_Clavell,http://dbpedia.org/ontology/birthPlace,http://dbpedia.org/resource/Vevey,0,0.019125,0.209789,0.0,0.000134,0.893574,1748.0,0
http://dbpedia.org/resource/Irenaeus,http://dbpedia.org/ontology/deathPlace,http://dbpedia.org/resource/İzmir,0,0.05025,0.052463,0.100354,0.000165,0.118086,6540.0,0
http://dbpedia.org/resource/Ernst_Mayr,http://dbpedia.org/ontology/birthPlace,"http://dbpedia.org/resource/Bedford,_Massachusetts",0,0.009125,0.208455,0.0,0.000101,0.893574,931.0,0
http://dbpedia.org/resource/J._R._R._Tolkien,http://dbpedia.org/ontology/birthPlace,http://dbpedia.org/resource/Bournemouth,0,0.098875,0.222119,0.849342,7.6e-05,0.893574,60691.0,0
http://dbpedia.org/resource/Henry_I_of_England,http://dbpedia.org/ontology/deathPlace,http://dbpedia.org/resource/Selby,0,0.00025,0.027368,0.0,0.000134,0.071653,1298.0,0
http://dbpedia.org/resource/Bernardo_O'Higgins,http://dbpedia.org/ontology/deathPlace,http://dbpedia.org/resource/Chillán,0,0.003875,0.129044,0.558111,0.00139,0.292667,903.0,0
"http://dbpedia.org/resource/Diana,_Princess_of_Wales",http://dbpedia.org/ontology/birthPlace,http://dbpedia.org/resource/Paris,0,0.002625,0.046397,0.352956,8.7e-05,0.108899,221606.0,0
http://dbpedia.org/resource/Amerigo_Vespucci,http://dbpedia.org/ontology/deathPlace,http://dbpedia.org/resource/Florence,0,0.246125,0.163978,0.348682,0.000287,0.893574,11890.0,0
http://dbpedia.org/resource/C._S._Forester,http://dbpedia.org/ontology/birthPlace,"http://dbpedia.org/resource/Fullerton,_California",0,0.028875,0.166653,0.0,9.7e-05,0.893574,5790.0,0
http://dbpedia.org/resource/Bernardo_O'Higgins,http://dbpedia.org/ontology/birthPlace,http://dbpedia.org/resource/Lima,0,0.006875,0.106161,0.937034,0.000624,0.267824,34986.0,0
http://dbpedia.org/resource/John_A._Macdonald,http://dbpedia.org/ontology/deathPlace,http://dbpedia.org/resource/Glasgow,0,0.837,0.13761,0.227296,6.4e-05,0.893574,305118.0,0
http://dbpedia.org/resource/Augustus_II_the_Strong,http://dbpedia.org/ontology/birthPlace,http://dbpedia.org/resource/Warsaw,0,0.0015,0.076135,0.0,0.000178,0.119766,67914.0,0
http://dbpedia.org/resource/André_Weil,http://dbpedia.org/ontology/deathPlace,http://dbpedia.org/resource/Paris,0,1.78925,0.133767,0.724973,0.000268,0.893574,201460.0,0
http://dbpedia.org/resource/Abbas_II_of_Egypt,http://dbpedia.org/ontology/deathPlace,http://dbpedia.org/resource/Alexandria,0,0.002625,0.049049,0.0,0.000167,0.123991,5688.0,0
http://dbpedia.org/resource/Alexander_Kerensky,http://dbpedia.org/ontology/birthPlace,http://dbpedia.org/resource/New_York_City,0,4.6455,0.134222,0.199565,4.6e-05,0.893574,792429.0,0
"http://dbpedia.org/resource/Diana,_Princess_of_Wales",http://dbpedia.org/ontology/deathPlace,"http://dbpedia.org/resource/Sandringham,_Norfolk",0,0.00175,0.064295,0.0,0.000894,0.151797,110.0,0
