subject,predicate,object,truth,adamic_adar,pathent,pra,degree_product,katz,simrank,ensemble_score
http://dbpedia.org/resource/Gregory_Bateson,http://dbpedia.org/ontology/birthPlace,http://dbpedia.org/resource/Grantchester,1,0.0,2914.342512,1.0,650.0,0.011125,0.000169,0
http://dbpedia.org/resource/C._S._Forester,http://dbpedia.org/ontology/birthPlace,http://dbpedia.org/resource/Cairo,1,0.348404,4181.19376,1.0,54990.0,0.317625,0.000114,0
http://dbpedia.org/resource/Emma_Goldman,http://dbpedia.org/ontology/deathPlace,http://dbpedia.org/resource/Toronto,1,0.110131,7992.352738,1.0,298486.0,1.332375,3.6e-05,0
http://dbpedia.org/resource/Abd_al-Rahman_I,http://dbpedia.org/ontology/birthPlace,http://dbpedia.org/resource/Damascus,1,0.0,-12.01276,0.0,5355.0,0.0,3.1e-05,1
http://dbpedia.org/resource/Augustus_II_the_Strong,http://dbpedia.org/ontology/deathPlace,http://dbpedia.org/resource/Warsaw,1,0.0,252.210959,1.0,67914.0,0.0015,0.00017,0
http://dbpedia.org/resource/Augustus_II_the_Strong,http://dbpedia.org/ontology/birthPlace,http://dbpedia.org/resource/Dresden,1,0.0,294.820211,0.0,15290.0,0.000875,8.5e-05,0
http://dbpedia.org/resource/Hawley_Harvey_Crippen,http://dbpedia.org/ontology/deathPlace,http://dbpedia.org/resource/London,1,0.196315,2658.249021,1.0,136866.0,4.3265,0.000377,0
http://dbpedia.org/resource/J._R._R._Tolkien,http://dbpedia.org/ontology/deathPlace,http://dbpedia.org/resource/Bournemouth,1,0.849342,7205.996637,1.0,60691.0,0.098875,0.000139,0
http://dbpedia.org/resource/Abbas_II_of_Egypt,http://dbpedia.org/ontology/birthPlace,http://dbpedia.org/resource/Alexandria,1,0.0,421.423598,0.0,5688.0,0.002625,0.000271,0
http://dbpedia.org/resource/John_von_Neumann,http://dbpedia.org/ontology/birthPlace,http://dbpedia.org/resource/Budapest,1,1.890915,4162.407144,1.0,611684.0,0.93,0.000119,0
http://dbpedia.org/resource/Joris_Ivens,http://dbpedia.org/ontology/birthPlace,http://dbpedia.org/resource/Nijmegen,1,0.105761,48075.214562,1.0,5800.0,0.0755,0.000184,0
http://dbpedia.org/resource/Benoit_Mandelbrot,http://dbpedia.org/ontology/birthPlace,http://dbpedia.org/resource/Warsaw,1,0.0,245.737563,0.0,37044.0,0.000875,7e-05,0
http://dbpedia.org/resource/J._R._R._Tolkien,http://dbpedia.org/ontology/birthPlace,http://dbpedia.org/resource/Bloemfontein,1,0.222232,8441.21223,1.0,39867.0,0.073375,4.6e-05,0
http://dbpedia.org/resource/Anton_Chekhov,http://dbpedia.org/ontology/birthPlace,http://dbpedia.org/resource/Taganrog,1,1.590353,4067.554178,1.0,24790.0,0.05775,0.001073,0
http://dbpedia.org/resource/Aaliyah,http://dbpedia.org/ontology/deathPlace,http://dbpedia.org/resource/Marsh_Harbour,1,0.5092,7915.943901,1.0,495.0,0.019,0.001485,0
http://dbpedia.org/resource/Ivan_Bunin,http://dbpedia.org/ontology/deathPlace,http://dbpedia.org/resource/Paris,1,0.199036,3322.896622,1.0,201460.0,2.66625,0.000502,0
http://dbpedia.org/resource/Alexander_Kerensky,http://dbpedia.org/ontology/birthPlace,http://dbpedia.org/resource/Ulyanovsk,1,0.352956,4058.587262,1.0,2937.0,0.025375,0.000333,0
http://dbpedia.org/resource/Ernst_Mayr,http://dbpedia.org/ontology/birthPlace,http://dbpedia.org/resource/Kempten,1,0.0,1568.478536,1.0,817.0,0.008375,9.3e-05,0
http://dbpedia.org/resource/Austen_Henry_Layard,http://dbpedia.org/ontology/deathPlace,http://dbpedia.org/resource/London,1,0.712288,4371.901115,1.0,342165.0,0.06475,0.000478,0
http://dbpedia.org/resource/Douglas_Adams,http://dbpedia.org/ontology/deathPlace,"http://dbpedia.org/resource/Santa_Barbara,_California",1,0.0,453.318062,1.0,37250.0,0.0035,2.7e-05,1
http://dbpedia.org/resource/James_Wilkinson,http://dbpedia.org/ontology/birthPlace,"http://dbpedia.org/resource/Benedict,_Maryland",1,0.220624,65.662996,0.0,112.0,0.002875,0.00211,0
http://dbpedia.org/resource/Arthur_de_Gobineau,http://dbpedia.org/ontology/birthPlace,http://dbpedia.org/resource/Ville-d'Avray,1,0.0,880.87786,1.0,260.0,0.004875,0.00106,1
"http://dbpedia.org/resource/Francis_II,_Holy_Roman_Emperor",http://dbpedia.org/ontology/birthPlace,http://dbpedia.org/resource/Florence,1,0.0,75.799053,0.0,39237.0,0.000375,3.3e-05,0
http://dbpedia.org/resource/John_A._Roebling,http://dbpedia.org/ontology/birthPlace,http://dbpedia.org/resource/Mühlhausen,1,0.0,1331.087317,1.0,306.0,0.006,0.000108,1
http://dbpedia.org/resource/Cornelius_Johnson_(artist),http://dbpedia.org/ontology/deathPlace,http://dbpedia.org/resource/Utrecht,1,0.105761,4202.850869,1.0,3060.0,0.153,0.000419,0
http://dbpedia.org/resource/John_A._Macdonald,http://dbpedia.org/ontology/deathPlace,http://dbpedia.org/resource/Ottawa,1,0.841355,4381.721602,1.0,180230.0,0.842,0.000484,0
http://dbpedia.org/resource/John_A._Roebling,http://dbpedia.org/ontology/deathPlace,http://dbpedia.org/resource/New_York_City,1,0.459818,2522.56036,1.0,216117.0,3.539625,0.0004,0
http://dbpedia.org/resource/James_Wilkinson,http://dbpedia.org/ontology/deathPlace,http://dbpedia.org/resource/Mexico_City,1,0.700454,3684.491273,1.0,124180.0,1.416125,0.000105,0
http://dbpedia.org/resource/Arthur_de_Gobineau,http://dbpedia.org/ontology/deathPlace,http://dbpedia.org/resource/Turin,1,0.266214,4256.723654,1.0,16510.0,0.247875,0.000151,0
http://dbpedia.org/resource/Frédéric_Bastiat,http://dbpedia.org/ontology/deathPlace,http://dbpedia.org/resource/Rome,1,0.261189,9741.325251,1.0,119757.0,1.2525,0.000111,0
http://dbpedia.org/resource/Adelaide_of_Italy,http://dbpedia.org/ontology/birthPlace,http://dbpedia.org/resource/Orbe,1,0.0,872.429811,1.0,330.0,0.004625,0.00059,1
"http://dbpedia.org/resource/Albert_VII,_Archduke_of_Austria",http://dbpedia.org/ontology/birthPlace,http://dbpedia.org/resource/Wiener_Neustadt,1,0.0,-14.538223,0.0,930.0,0.0,3.2e-05,1
http://dbpedia.org/resource/Irenaeus,http://dbpedia.org/ontology/birthPlace,http://dbpedia.org/resource/İzmir,1,0.100354,3550.124245,0.0,6540.0,0.05025,0.000142,0
http://dbpedia.org/resource/Henry_Moseley,http://dbpedia.org/ontology/birthPlace,"http://dbpedia.org/resource/Weymouth,_Dorset",1,0.141226,4694.308851,1.0,1605.0,0.02925,0.000293,0
http://dbpedia.org/resource/Eduard_von_Böhm-Ermolli,http://dbpedia.org/ontology/birthPlace,http://dbpedia.org/resource/Ancona,1,0.0,31.811331,0.0,1573.0,0.000375,3.5e-05,0
http://dbpedia.org/resource/Henry_I_of_England,http://dbpedia.org/ontology/deathPlace,http://dbpedia.org/resource/Lyons-la-Forêt,1,0.0,-18.354889,1.0,66.0,0.0,0.000767,1
http://dbpedia.org/resource/Irenaeus,http://dbpedia.org/ontology/deathPlace,http://dbpedia.org/resource/Lyon,1,0.648658,4319.640951,1.0,12696.0,0.090875,0.001252,0
http://dbpedia.org/resource/F._F._E._Yeo-Thomas,http://dbpedia.org/ontology/deathPlace,http://dbpedia.org/resource/Paris,1,0.0,3289.969428,1.0,80584.0,0.02775,7.9e-05,0
http://dbpedia.org/resource/Eugene_Wigner,http://dbpedia.org/ontology/deathPlace,"http://dbpedia.org/resource/Princeton,_New_Jersey",1,0.0,4175.967395,1.0,8942.0,0.07525,0.00019,0
http://dbpedia.org/resource/Anton_Chekhov,http://dbpedia.org/ontology/deathPlace,http://dbpedia.org/resource/Badenweiler,1,0.0,3316.483914,1.0,1340.0,0.01875,0.000127,0
"http://dbpedia.org/resource/Diana,_Princess_of_Wales",http://dbpedia.org/ontology/deathPlace,http://dbpedia.org/resource/Paris,1,0.352956,27.665736,1.0,221606.0,0.002625,0.000166,0
http://dbpedia.org/resource/Abd_al-Rahman_I,http://dbpedia.org/ontology/deathPlace,"http://dbpedia.org/resource/Córdoba,_Spain",1,0.0,-13.685083,1.0,1680.0,0.0,7.2e-05,1
http://dbpedia.org/resource/Frank_Capra,http://dbpedia.org/ontology/birthPlace,http://dbpedia.org/resource/Bisacquino,1,0.0,-15.769936,0.0,396.0,0.0,1.1e-05,1
"http://dbpedia.org/resource/Albert_VII,_Archduke_of_Austria",http://dbpedia.org/ontology/deathPlace,http://dbpedia.org/resource/Brussels,1,0.0,34.054267,1.0,29055.0,0.00025,0.00017,0
http://dbpedia.org/resource/Catherine_of_Aragon,http://dbpedia.org/ontology/deathPlace,http://dbpedia.org/resource/Huntingdonshire,1,0.0,-14.609771,1.0,885.0,0.0,6.1e-05,1
http://dbpedia.org/resource/C._S._Forester,http://dbpedia.org/ontology/deathPlace,"http://dbpedia.org/resource/Fullerton,_California",1,0.0,4267.627345,1.0,5790.0,0.028875,4.8e-05,0
http://dbpedia.org/resource/John_von_Neumann,http://dbpedia.org/ontology/deathPlace,"http://dbpedia.org/resource/Washington,_D.C.",1,0.195641,1738.451826,1.0,1203684.0,1.7905,5.5e-05,0
"http://dbpedia.org/resource/Christina,_Queen_of_Sweden",http://dbpedia.org/ontology/deathPlace,http://dbpedia.org/resource/Rome,1,0.0,-9.193523,1.0,37818.0,0.0,2.3e-05,1
http://dbpedia.org/resource/James_Clavell,http://dbpedia.org/ontology/birthPlace,http://dbpedia.org/resource/Sydney,1,0.0,8.418581,0.0,126960.0,0.000125,1.2e-05,0
http://dbpedia.org/resource/Henry_Moseley,http://dbpedia.org/ontology/deathPlace,http://dbpedia.org/resource/Gelibolu,1,0.0,151.553694,1.0,360.0,0.000875,5.9e-05,0
http://dbpedia.org/resource/George_Frideric_Handel,http://dbpedia.org/ontology/deathPlace,http://dbpedia.org/resource/London,1,0.196315,2451.406212,1.0,410598.0,4.32875,0.000176,0
http://dbpedia.org/resource/Gregory_Bateson,http://dbpedia.org/ontology/deathPlace,http://dbpedia.org/resource/San_Francisco,1,0.217147,449.433678,1.0,267500.0,0.005375,9.7e-05,1
http://dbpedia.org/resource/Fay_Wray,http://dbpedia.org/ontology/deathPlace,http://dbpedia.org/resource/New_York_City,1,0.276938,1091.203013,1.0,1416767.0,0.009875,4.8e-05,0
http://dbpedia.org/resource/Alfred_Hitchcock,http://dbpedia.org/ontology/deathPlace,"http://dbpedia.org/resource/Bel_Air,_Los_Angeles",1,0.378093,7095.931011,1.0,3458.0,0.039625,0.000164,0
http://dbpedia.org/resource/Frank_Capra,http://dbpedia.org/ontology/deathPlace,"http://dbpedia.org/resource/La_Quinta,_California",1,0.0,26.398006,1.0,1716.0,0.00025,9e-05,0
http://dbpedia.org/resource/Eduard_von_Böhm-Ermolli,http://dbpedia.org/ontology/deathPlace,http://dbpedia.org/resource/Opava,1,0.0,-14.400721,1.0,1023.0,0.0,5.6e-05,1
http://dbpedia.org/resource/James_Clavell,http://dbpedia.org/ontology/deathPlace,http://dbpedia.org/resource/Vevey,1,0.0,8409.247979,1.0,1748.0,0.019125,0.000132,0
http://dbpedia.org/resource/Hawley_Harvey_Crippen,http://dbpedia.org/ontology/birthPlace,"http://dbpedia.org/resource/Coldwater,_Michigan",1,0.0,2570.689749,1.0,396.0,0.010625,0.000132,0
http://dbpedia.org/resource/John_A._Macdonald,http://dbpedia.org/ontology/birthPlace,http://dbpedia.org/resource/Glasgow,1,0.227296,3846.392276,1.0,305118.0,0.837,4.3e-05,0
http://dbpedia.org/resource/Bernardo_O'Higgins,http://dbpedia.org/ontology/birthPlace,http://dbpedia.org/resource/Chillán,1,0.558111,252.852652,0.0,903.0,0.003875,0.00141,1
http://dbpedia.org/resource/Alexander_Kerensky,http://dbpedia.org/ontology/deathPlace,http://dbpedia.org/resource/New_York_City,1,0.199565,2419.615756,1.0,792429.0,4.6455,4.9e-05,0
http://dbpedia.org/resource/Eugene_Wigner,http://dbpedia.org/ontology/birthPlace,http://dbpedia.org/resource/Budapest,1,1.061232,4107.356831,1.0,70261.0,0.82925,0.000476,0
http://dbpedia.org/resource/Jean-Jacques_Rousseau,http://dbpedia.org/ontology/deathPlace,http://dbpedia.org/resource/Ermenonville,1,0.0,7177.457578,1.0,396.0,0.02525,0.000559,0
http://dbpedia.org/resource/Adelaide_of_Italy,http://dbpedia.org/ontology/deathPlace,http://dbpedia.org/resource/Alsace,1,0.0,4652.011751,1.0,2580.0,0.0265,0.000245,0
http://dbpedia.org/resource/Emma_Goldman,http://dbpedia.org/ontology/birthPlace,http://dbpedia.org/resource/Kaunas,1,0.396404,5237.361897,1.0,14688.0,0.079875,0.000126,0
http://dbpedia.org/resource/Alfred_Hitchcock,http://dbpedia.org/ontology/birthPlace,http://dbpedia.org/resource/London,1,1.347941,3006.419576,1.0,2075801.0,0.062125,7.8e-05,0
http://dbpedia.org/resource/Joe_Strummer,http://dbpedia.org/ontology/deathPlace,"http://dbpedia.org/resource/Broomfield,_Somerset",1,0.0,11619.950091,1.0,804.0,0.0165,0.000216,0
http://dbpedia.org/resource/F._F._E._Yeo-Thomas,http://dbpedia.org/ontology/birthPlace,http://dbpedia.org/resource/London,1,0.0,779.453742,0.0,182488.0,0.007,5.6e-05,1
"http://dbpedia.org/resource/Christina,_Queen_of_Sweden",http://dbpedia.org/ontology/birthPlace,http://dbpedia.org/resource/Stockholm,1,0.0,32.004599,0.0,25890.0,0.00025,0.000781,0
http://dbpedia.org/resource/Aaliyah,http://dbpedia.org/ontology/birthPlace,http://dbpedia.org/resource/Brooklyn,1,0.36669,2194.942356,0.0,341165.0,0.169,0.000149,0
"http://dbpedia.org/resource/Diana,_Princess_of_Wales",http://dbpedia.org/ontology/birthPlace,"http://dbpedia.org/resource/Sandringham,_Norfolk",1,0.0,451.639573,0.0,110.0,0.00175,0.000883,1
http://dbpedia.org/resource/Joseph_Conrad,http://dbpedia.org/ontology/deathPlace,http://dbpedia.org/resource/Bishopsbourne,1,0.123816,4530.157762,1.0,238.0,0.011375,0.001221,0
http://dbpedia.org/resource/Amerigo_Vespucci,http://dbpedia.org/ontology/deathPlace,http://dbpedia.org/resource/Seville,1,0.0,4936.979039,1.0,6780.0,0.108,0.000117,0
http://dbpedia.org/resource/John_Stuart_Mill,http://dbpedia.org/ontology/birthPlace,http://dbpedia.org/resource/London_Borough_of_Islington,1,0.096663,257.403716,0.0,5740.0,0.00475,0.000112,1
http://dbpedia.org/resource/Henry_I_of_England,http://dbpedia.org/ontology/birthPlace,http://dbpedia.org/resource/Selby,1,0.0,14.894967,0.0,1298.0,0.00025,0.000194,0
http://dbpedia.org/resource/Benoit_Mandelbrot,http://dbpedia.org/ontology/deathPlace,"http://dbpedia.org/resource/Cambridge,_Massachusetts",1,0.0,286.631809,1.0,15924.0,0.001375,4.9e-05,0
"http://dbpedia.org/resource/Francis_II,_Holy_Roman_Emperor",http://dbpedia.org/ontology/deathPlace,http://dbpedia.org/resource/Vienna,1,0.936018,577.917543,1.0,127743.0,0.01,0.000205,0
http://dbpedia.org/resource/Amerigo_Vespucci,http://dbpedia.org/ontology/birthPlace,http://dbpedia.org/resource/Florence,1,0.348682,9983.620543,1.0,11890.0,0.246125,0.00028,0
http://dbpedia.org/resource/Bernardo_O'Higgins,http://dbpedia.org/ontology/deathPlace,http://dbpedia.org/resource/Lima,1,0.937034,423.900918,1.0,34986.0,0.006875,0.000641,1
http://dbpedia.org/resource/Abbas_II_of_Egypt,http://dbpedia.org/ontology/deathPlace,http://dbpedia.org/resource/Geneva,1,0.0,27.565085,1.0,9153.0,0.00025,1e-05,0
http://dbpedia.org/resource/Catherine_of_Aragon,http://dbpedia.org/ontology/birthPlace,http://dbpedia.org/resource/Alcalá_de_Henares,1,0.0,-15.927615,0.0,355.0,0.0,4.6e-05,1
http://dbpedia.org/resource/John_Stuart_Mill,http://dbpedia.org/ontology/deathPlace,http://dbpedia.org/resource/Avignon,1,0.417032,5007.339765,1.0,16154.0,0.044875,0.00013,0
http://dbpedia.org/resource/Douglas_Adams,http://dbpedia.org/ontology/birthPlace,http://dbpedia.org/resource/Cambridge,1,0.144453,3972.383688,1.0,57550.0,0.216,9.4e-05,0
http://dbpedia.org/resource/John_Peel,http://dbpedia.org/ontology/deathPlace,http://dbpedia.org/resource/Cusco,1,0.0,3248.942372,1.0,1313.0,0.016,0.000145,0
http://dbpedia.org/resource/Joris_Ivens,http://dbpedia.org/ontology/deathPlace,http://dbpedia.org/resource/Paris,1,0.108488,7181.379535,1.0,251825.0,1.72075,0.000134,0
http://dbpedia.org/resource/John_Peel,http://dbpedia.org/ontology/birthPlace,http://dbpedia.org/resource/Heswall,1,0.0,1041.634436,1.0,260.0,0.00475,0.000224,1
http://dbpedia.org/resource/Alfonso_IV_of_Aragon,http://dbpedia.org/ontology/deathPlace,http://dbpedia.org/resource/Barcelona,1,0.0,215.889082,1.0,27450.0,0.0005,4.3e-05,0
http://dbpedia.org/resource/Ernst_Mayr,http://dbpedia.org/ontology/deathPlace,"http://dbpedia.org/resource/Bedford,_Massachusetts",1,0.0,1836.033052,1.0,931.0,0.009125,7.2e-05,0
http://dbpedia.org/resource/Cornelius_Johnson_(artist),http://dbpedia.org/ontology/birthPlace,http://dbpedia.org/resource/London,1,0.096663,2628.549421,1.0,114055.0,0.9155,7.1e-05,0
http://dbpedia.org/resource/Fay_Wray,http://dbpedia.org/ontology/birthPlace,http://dbpedia.org/resource/Alberta,1,0.0,-6.083438,0.0,328689.0,0.0,1e-05,1
http://dbpedia.org/resource/Austen_Henry_Layard,http://dbpedia.org/ontology/birthPlace,http://dbpedia.org/resource/Paris,1,0.213578,1172.874349,1.0,151095.0,0.009625,4.9e-05,0
http://dbpedia.org/resource/Frédéric_Bastiat,http://dbpedia.org/ontology/birthPlace,http://dbpedia.org/resource/Bayonne,1,0.090548,4868.40778,1.0,2850.0,0.04,0.000361,0
http://dbpedia.org/resource/André_Weil,http://dbpedia.org/ontology/birthPlace,http://dbpedia.org/resource/Paris,1,0.724973,21636.490938,1.0,201460.0,1.78925,0.000335,0
http://dbpedia.org/resource/Joseph_Conrad,http://dbpedia.org/ontology/birthPlace,http://dbpedia.org/resource/Berdychiv,1,0.0,5309.848388,1.0,1530.0,0.014375,8.1e-05,0
http://dbpedia.org/resource/George_Frideric_Handel,http://dbpedia.org/ontology/birthPlace,http://dbpedia.org/resource/Halle_(Saale),1,1.530224,4387.059045,1.0,4320.0,0.044375,0.000935,0
http://dbpedia.org/resource/Ivan_Bunin,http://dbpedia.org/ontology/birthPlace,http://dbpedia.org/resource/Voronezh,1,0.0,5141.861749,1.0,4360.0,0.04,0.000646,0
http://dbpedia.org/resource/Jean-Jacques_Rousseau,http://dbpedia.org/ontology/birthPlace,http://dbpedia.org/resource/Geneva,1,0.144412,6806.472157,1.0,134244.0,0.201875,5.6e-05,0
http://dbpedia.org/resource/Carlo_Goldoni,http://dbpedia.org/ontology/birthPlace,http://dbpedia.org/resource/Venice,1,1.229857,8051.248613,1.0,11508.0,0.193125,0.001617,0
http://dbpedia.org/resource/Joe_Strummer,http://dbpedia.org/ontology/birthPlace,http://dbpedia.org/resource/Ankara,1,0.0,3700.90718,1.0,73097.0,0.180375,2.1e-05,0
http://dbpedia.org/resource/Carlo_Goldoni,http://dbpedia.org/ontology/deathPlace,http://dbpedia.org/resource/Paris,1,0.108488,3298.956521,1.0,141022.0,1.709375,0.000104,0
http://dbpedia.org/resource/Ambrose,http://dbpedia.org/ontology/birthPlace,http://dbpedia.org/resource/Trier,1,0.0,4332.14243,1.0,3429.0,0.022,9.8e-05,0
http://dbpedia.org/resource/Alfonso_IV_of_Aragon,http://dbpedia.org/ontology/birthPlace,http://dbpedia.org/resource/Naples,1,0.0,-10.431265,0.0,16030.0,0.0,0.000247,1
http://dbpedia.org/resource/André_Weil,http://dbpedia.org/ontology/deathPlace,"http://dbpedia.org/resource/Princeton,_New_Jersey",1,0.0,5512.955874,1.0,10520.0,0.08075,7.5e-05,0
http://dbpedia.org/resource/Emma_Goldman,http://dbpedia.org/ontology/deathPlace,http://dbpedia.org/resource/Kaunas,0,0.396404,5237.361897,0.0,14688.0,0.079875,0.000192,0
http://dbpedia.org/resource/John_A._Roebling,http://dbpedia.org/ontology/deathPlace,http://dbpedia.org/resource/Mühlhausen,0,0.0,1331.087317,0.0,306.0,0.006,0.000139,1
http://dbpedia.org/resource/James_Clavell,http://dbpedia.org/ontology/deathPlace,http://dbpedia.org/resource/Sydney,0,0.0,8.418581,1.0,126960.0,0.000125,1.1e-05,0
http://dbpedia.org/resource/Ambrose,http://dbpedia.org/ontology/birthPlace,http://dbpedia.org/resource/Milan,0,0.125975,4610.017273,0.0,75654.0,0.4565,0.001608,0
http://dbpedia.org/resource/Frank_Capra,http://dbpedia.org/ontology/deathPlace,http://dbpedia.org/resource/Bisacquino,0,0.0,-15.769936,1.0,396.0,0.0,1.5e-05,1
http://dbpedia.org/resource/Alexander_Kerensky,http://dbpedia.org/ontology/deathPlace,http://dbpedia.org/resource/Ulyanovsk,0,0.352956,4058.587262,0.0,2937.0,0.025375,0.00026,0
http://dbpedia.org/resource/Arthur_de_Gobineau,http://dbpedia.org/ontology/deathPlace,http://dbpedia.org/resource/Ville-d'Avray,0,0.0,880.87786,0.0,260.0,0.004875,0.000985,1
http://dbpedia.org/resource/Eugene_Wigner,http://dbpedia.org/ontology/deathPlace,http://dbpedia.org/resource/Budapest,0,1.061232,4107.356831,0.0,70261.0,0.82925,0.000556,0
http://dbpedia.org/resource/George_Frideric_Handel,http://dbpedia.org/ontology/deathPlace,http://dbpedia.org/resource/Halle_(Saale),0,1.530224,4387.059045,0.0,4320.0,0.044375,0.001299,0
http://dbpedia.org/resource/Douglas_Adams,http://dbpedia.org/ontology/birthPlace,"http://dbpedia.org/resource/Santa_Barbara,_California",0,0.0,453.318062,0.0,37250.0,0.0035,2.8e-05,1
http://dbpedia.org/resource/Catherine_of_Aragon,http://dbpedia.org/ontology/birthPlace,http://dbpedia.org/resource/Huntingdonshire,0,0.0,-14.609771,0.0,885.0,0.0,6.3e-05,1
http://dbpedia.org/resource/Alfonso_IV_of_Aragon,http://dbpedia.org/ontology/birthPlace,http://dbpedia.org/resource/Barcelona,0,0.0,215.889082,0.0,27450.0,0.0005,5.9e-05,0
http://dbpedia.org/resource/Douglas_Adams,http://dbpedia.org/ontology/deathPlace,http://dbpedia.org/resource/Cambridge,0,0.144453,3972.383688,0.0,57550.0,0.216,6.3e-05,0
http://dbpedia.org/resource/Joseph_Conrad,http://dbpedia.org/ontology/birthPlace,http://dbpedia.org/resource/Bishopsbourne,0,0.123816,4530.157762,0.0,238.0,0.011375,0.001107,0
http://dbpedia.org/resource/Alfonso_IV_of_Aragon,http://dbpedia.org/ontology/deathPlace,http://dbpedia.org/resource/Naples,0,0.0,-10.431265,1.0,16030.0,0.0,0.000211,1
http://dbpedia.org/resource/Arthur_de_Gobineau,http://dbpedia.org/ontology/birthPlace,http://dbpedia.org/resource/Turin,0,0.266214,4256.723654,0.0,16510.0,0.247875,0.000157,0
"http://dbpedia.org/resource/Albert_VII,_Archduke_of_Austria",http://dbpedia.org/ontology/deathPlace,http://dbpedia.org/resource/Wiener_Neustadt,0,0.0,-14.538223,1.0,930.0,0.0,3.4e-05,1
http://dbpedia.org/resource/Joseph_Conrad,http://dbpedia.org/ontology/deathPlace,http://dbpedia.org/resource/Berdychiv,0,0.0,5309.848388,0.0,1530.0,0.014375,7e-05,0
http://dbpedia.org/resource/Catherine_of_Aragon,http://dbpedia.org/ontology/deathPlace,http://dbpedia.org/resource/Alcalá_de_Henares,0,0.0,-15.927615,1.0,355.0,0.0,4.2e-05,1
http://dbpedia.org/resource/Joris_Ivens,http://dbpedia.org/ontology/deathPlace,http://dbpedia.org/resource/Nijmegen,0,0.105761,48075.214562,0.0,5800.0,0.0755,0.000186,0
http://dbpedia.org/resource/Gregory_Bateson,http://dbpedia.org/ontology/deathPlace,http://dbpedia.org/resource/Grantchester,0,0.0,2914.342512,0.0,650.0,0.011125,0.000198,0
http://dbpedia.org/resource/James_Wilkinson,http://dbpedia.org/ontology/birthPlace,http://dbpedia.org/resource/Mexico_City,0,0.700454,3684.491273,0.0,124180.0,1.416125,0.000117,0
http://dbpedia.org/resource/Ivan_Bunin,http://dbpedia.org/ontology/deathPlace,http://dbpedia.org/resource/Voronezh,0,0.0,5141.861749,0.0,4360.0,0.04,0.000674,0
http://dbpedia.org/resource/J._R._R._Tolkien,http://dbpedia.org/ontology/deathPlace,http://dbpedia.org/resource/Bloemfontein,0,0.222232,8441.21223,0.0,39867.0,0.073375,5.4e-05,0
http://dbpedia.org/resource/Gregory_Bateson,http://dbpedia.org/ontology/birthPlace,http://dbpedia.org/resource/San_Francisco,0,0.217147,449.433678,0.0,267500.0,0.005375,9.2e-05,1
http://dbpedia.org/resource/Jean-Jacques_Rousseau,http://dbpedia.org/ontology/birthPlace,http://dbpedia.org/resource/Ermenonville,0,0.0,7177.457578,0.0,396.0,0.02525,0.000703,0
http://dbpedia.org/resource/Alfred_Hitchcock,http://dbpedia.org/ontology/birthPlace,"http://dbpedia.org/resource/Bel_Air,_Los_Angeles",0,0.378093,7095.931011,0.0,3458.0,0.039625,0.000162,0
http://dbpedia.org/resource/F._F._E._Yeo-Thomas,http://dbpedia.org/ontology/deathPlace,http://dbpedia.org/resource/London,0,0.0,779.453742,1.0,182488.0,0.007,3.6e-05,1
http://dbpedia.org/resource/Ernst_Mayr,http://dbpedia.org/ontology/deathPlace,http://dbpedia.org/resource/Kempten,0,0.0,1568.478536,0.0,817.0,0.008375,9.7e-05,0
http://dbpedia.org/resource/Frank_Capra,http://dbpedia.org/ontology/birthPlace,"http://dbpedia.org/resource/La_Quinta,_California",0,0.0,26.398006,0.0,1716.0,0.00025,8.2e-05,0
http://dbpedia.org/resource/Ivan_Bunin,http://dbpedia.org/ontology/birthPlace,http://dbpedia.org/resource/Paris,0,0.199036,3322.896622,0.0,201460.0,2.66625,0.000397,0
http://dbpedia.org/resource/Carlo_Goldoni,http://dbpedia.org/ontology/deathPlace,http://dbpedia.org/resource/Venice,0,1.229857,8051.248613,0.0,11508.0,0.193125,0.001458,0
http://dbpedia.org/resource/Anton_Chekhov,http://dbpedia.org/ontology/birthPlace,http://dbpedia.org/resource/Badenweiler,0,0.0,3316.483914,0.0,1340.0,0.01875,0.000143,0
http://dbpedia.org/resource/Austen_Henry_Layard,http://dbpedia.org/ontology/deathPlace,http://dbpedia.org/resource/Paris,0,0.213578,1172.874349,0.0,151095.0,0.009625,6.1e-05,0
http://dbpedia.org/resource/John_A._Macdonald,http://dbpedia.org/ontology/birthPlace,http://dbpedia.org/resource/Ottawa,0,0.841355,4381.721602,0.0,180230.0,0.842,0.000433,0
http://dbpedia.org/resource/Joe_Strummer,http://dbpedia.org/ontology/deathPlace,http://dbpedia.org/resource/Ankara,0,0.0,3700.90718,0.0,73097.0,0.180375,2.6e-05,0
"http://dbpedia.org/resource/Albert_VII,_Archduke_of_Austria",http://dbpedia.org/ontology/birthPlace,http://dbpedia.org/resource/Brussels,0,0.0,34.054267,0.0,29055.0,0.00025,0.000135,0
http://dbpedia.org/resource/Anton_Chekhov,http://dbpedia.org/ontology/deathPlace,http://dbpedia.org/resource/Taganrog,0,1.590353,4067.554178,0.0,24790.0,0.05775,0.000977,0
http://dbpedia.org/resource/Benoit_Mandelbrot,http://dbpedia.org/ontology/deathPlace,http://dbpedia.org/resource/Warsaw,0,0.0,245.737563,1.0,37044.0,0.000875,4.4e-05,0
http://dbpedia.org/resource/George_Frideric_Handel,http://dbpedia.org/ontology/birthPlace,http://dbpedia.org/resource/London,0,0.196315,2451.406212,0.0,410598.0,4.32875,0.000138,0
http://dbpedia.org/resource/Adelaide_of_Italy,http://dbpedia.org/ontology/deathPlace,http://dbpedia.org/resource/Orbe,0,0.0,872.429811,0.0,330.0,0.004625,0.00055,1
http://dbpedia.org/resource/James_Wilkinson,http://dbpedia.org/ontology/deathPlace,"http://dbpedia.org/resource/Benedict,_Maryland",0,0.220624,65.662996,1.0,112.0,0.002875,0.001676,0
http://dbpedia.org/resource/Aaliyah,http://dbpedia.org/ontology/deathPlace,http://dbpedia.org/resource/Brooklyn,0,0.36669,2194.942356,0.0,341165.0,0.169,0.000128,0
http://dbpedia.org/resource/Hawley_Harvey_Crippen,http://dbpedia.org/ontology/birthPlace,http://dbpedia.org/resource/London,0,0.196315,2658.249021,0.0,136866.0,4.3265,0.000397,0
http://dbpedia.org/resource/Abbas_II_of_Egypt,http://dbpedia.org/ontology/birthPlace,http://dbpedia.org/resource/Geneva,0,0.0,27.565085,0.0,9153.0,0.00025,9e-06,0
http://dbpedia.org/resource/Joris_Ivens,http://dbpedia.org/ontology/birthPlace,http://dbpedia.org/resource/Paris,0,0.108488,7181.379535,0.0,251825.0,1.72075,0.000132,0
http://dbpedia.org/resource/John_A._Roebling,http://dbpedia.org/ontology/birthPlace,http://dbpedia.org/resource/New_York_City,0,0.459818,2522.56036,0.0,216117.0,3.539625,0.000402,0
http://dbpedia.org/resource/John_Stuart_Mill,http://dbpedia.org/ontology/deathPlace,http://dbpedia.org/resource/London_Borough_of_Islington,0,0.096663,257.403716,1.0,5740.0,0.00475,0.000132,1
http://dbpedia.org/resource/Jean-Jacques_Rousseau,http://dbpedia.org/ontology/deathPlace,http://dbpedia.org/resource/Geneva,0,0.144412,6806.472157,0.0,134244.0,0.201875,6.7e-05,0
http://dbpedia.org/resource/Cornelius_Johnson_(artist),http://dbpedia.org/ontology/deathPlace,http://dbpedia.org/resource/London,0,0.096663,2628.549421,0.0,114055.0,0.9155,0.000118,0
"http://dbpedia.org/resource/Francis_II,_Holy_Roman_Emperor",http://dbpedia.org/ontology/birthPlace,http://dbpedia.org/resource/Vienna,0,0.936018,577.917543,0.0,127743.0,0.01,0.000136,0
http://dbpedia.org/resource/Fay_Wray,http://dbpedia.org/ontology/deathPlace,http://dbpedia.org/resource/Alberta,0,0.0,-6.083438,1.0,328689.0,0.0,1.1e-05,1
http://dbpedia.org/resource/Eduard_von_Böhm-Ermolli,http://dbpedia.org/ontology/birthPlace,http://dbpedia.org/resource/Opava,0,0.0,-14.400721,0.0,1023.0,0.0,4.4e-05,1
http://dbpedia.org/resource/Abd_al-Rahman_I,http://dbpedia.org/ontology/birthPlace,"http://dbpedia.org/resource/Córdoba,_Spain",0,0.0,-13.685083,0.0,1680.0,0.0,6.3e-05,1
http://dbpedia.org/resource/Fay_Wray,http://dbpedia.org/ontology/birthPlace,http://dbpedia.org/resource/New_York_City,0,0.276938,1091.203013,0.0,1416767.0,0.009875,4.7e-05,0
http://dbpedia.org/resource/John_von_Neumann,http://dbpedia.org/ontology/birthPlace,"http://dbpedia.org/resource/Washington,_D.C.",0,0.195641,1738.451826,0.0,1203684.0,1.7905,4.6e-05,0
http://dbpedia.org/resource/Amerigo_Vespucci,http://dbpedia.org/ontology/birthPlace,http://dbpedia.org/resource/Seville,0,0.0,4936.979039,0.0,6780.0,0.108,0.000147,0
http://dbpedia.org/resource/Henry_Moseley,http://dbpedia.org/ontology/birthPlace,http://dbpedia.org/resource/Gelibolu,0,0.0,151.553694,0.0,360.0,0.000875,7.6e-05,0
http://dbpedia.org/resource/F._F._E._Yeo-Thomas,http://dbpedia.org/ontology/birthPlace,http://dbpedia.org/resource/Paris,0,0.0,3289.969428,0.0,80584.0,0.02775,5.2e-05,0
http://dbpedia.org/resource/Henry_Moseley,http://dbpedia.org/ontology/deathPlace,"http://dbpedia.org/resource/Weymouth,_Dorset",0,0.141226,4694.308851,0.0,1605.0,0.02925,0.000213,0
http://dbpedia.org/resource/Abd_al-Rahman_I,http://dbpedia.org/ontology/deathPlace,http://dbpedia.org/resource/Damascus,0,0.0,-12.01276,1.0,5355.0,0.0,3.4e-05,1
http://dbpedia.org/resource/C._S._Forester,http://dbpedia.org/ontology/deathPlace,http://dbpedia.org/resource/Cairo,0,0.348404,4181.19376,0.0,54990.0,0.317625,0.000197,0
http://dbpedia.org/resource/Hawley_Harvey_Crippen,http://dbpedia.org/ontology/deathPlace,"http://dbpedia.org/resource/Coldwater,_Michigan",0,0.0,2570.689749,0.0,396.0,0.010625,0.000137,0
http://dbpedia.org/resource/John_Peel,http://dbpedia.org/ontology/birthPlace,http://dbpedia.org/resource/Cusco,0,0.0,3248.942372,0.0,1313.0,0.016,0.000131,0
"http://dbpedia.org/resource/Christina,_Queen_of_Sweden",http://dbpedia.org/ontology/birthPlace,http://dbpedia.org/resource/Rome,0,0.0,-9.193523,0.0,37818.0,0.0,1.9e-05,1
http://dbpedia.org/resource/John_Peel,http://dbpedia.org/ontology/deathPlace,http://dbpedia.org/resource/Heswall,0,0.0,1041.634436,0.0,260.0,0.00475,0.000229,1
http://dbpedia.org/resource/André_Weil,http://dbpedia.org/ontology/birthPlace,"http://dbpedia.org/resource/Princeton,_New_Jersey",0,0.0,5512.955874,0.0,10520.0,0.08075,8.3e-05,0
http://dbpedia.org/resource/John_von_Neumann,http://dbpedia.org/ontology/deathPlace,http://dbpedia.org/resource/Budapest,0,1.890915,4162.407144,0.0,611684.0,0.93,0.000134,0
http://dbpedia.org/resource/Eugene_Wigner,http://dbpedia.org/ontology/birthPlace,"http://dbpedia.org/resource/Princeton,_New_Jersey",0,0.0,4175.967395,0.0,8942.0,0.07525,0.000143,0
http://dbpedia.org/resource/Emma_Goldman,http://dbpedia.org/ontology/birthPlace,http://dbpedia.org/resource/Toronto,0,0.110131,7992.352738,0.0,298486.0,1.332375,5.9e-05,0
http://dbpedia.org/resource/Augustus_II_the_Strong,http://dbpedia.org/ontology/deathPlace,http://dbpedia.org/resource/Dresden,0,0.0,294.820211,1.0,15290.0,0.000875,7.9e-05,0
http://dbpedia.org/resource/Frédéric_Bastiat,http://dbpedia.org/ontology/birthPlace,http://dbpedia.org/resource/Rome,0,0.261189,9741.325251,0.0,119757.0,1.2525,0.000111,0
"http://dbpedia.org/resource/Francis_II,_Holy_Roman_Emperor",http://dbpedia.org/ontology/deathPlace,http://dbpedia.org/resource/Florence,0,0.0,75.799053,1.0,39237.0,0.000375,3.6e-05,0
http://dbpedia.org/resource/Eduard_von_Böhm-Ermolli,http://dbpedia.org/ontology/deathPlace,http://dbpedia.org/resource/Ancona,0,0.0,31.811331,1.0,1573.0,0.000375,2.8e-05,0
http://dbpedia.org/resource/Austen_Henry_Layard,http://dbpedia.org/ontology/birthPlace,http://dbpedia.org/resource/London,0,0.712288,4371.901115,0.0,342165.0,0.06475,0.000378,0
http://dbpedia.org/resource/Joe_Strummer,http://dbpedia.org/ontology/birthPlace,"http://dbpedia.org/resource/Broomfield,_Somerset",0,0.0,11619.950091,0.0,804.0,0.0165,0.000204,0
"http://dbpedia.org/resource/Christina,_Queen_of_Sweden",http://dbpedia.org/ontology/deathPlace,http://dbpedia.org/resource/Stockholm,0,0.0,32.004599,1.0,25890.0,0.00025,0.000961,0
http://dbpedia.org/resource/Irenaeus,http://dbpedia.org/ontology/birthPlace,http://dbpedia.org/resource/Lyon,0,0.648658,4319.640951,0.0,12696.0,0.090875,0.000957,0
http://dbpedia.org/resource/Cornelius_Johnson_(artist),http://dbpedia.org/ontology/birthPlace,http://dbpedia.org/resource/Utrecht,0,0.105761,4202.850869,0.0,3060.0,0.153,0.000337,0
http://dbpedia.org/resource/Alfred_Hitchcock,http://dbpedia.org/ontology/deathPlace,http://dbpedia.org/resource/London,0,1.347941,3006.419576,0.0,2075801.0,0.062125,0.000118,0
http://dbpedia.org/resource/Adelaide_of_Italy,http://dbpedia.org/ontology/birthPlace,http://dbpedia.org/resource/Alsace,0,0.0,4652.011751,0.0,2580.0,0.0265,0.000201,0
http://dbpedia.org/resource/Frédéric_Bastiat,http://dbpedia.org/ontology/deathPlace,http://dbpedia.org/resource/Bayonne,0,0.090548,4868.40778,0.0,2850.0,0.04,0.000398,0
http://dbpedia.org/resource/John_Stuart_Mill,http://dbpedia.org/ontology/birthPlace,http://dbpedia.org/resource/Avignon,0,0.417032,5007.339765,0.0,16154.0,0.044875,0.000228,0
http://dbpedia.org/resource/Carlo_Goldoni,http://dbpedia.org/ontology/birthPlace,http://dbpedia.org/resource/Paris,0,0.108488,3298.956521,0.0,141022.0,1.709375,9.7e-05,0
http://dbpedia.org/resource/Benoit_Mandelbrot,http://dbpedia.org/ontology/birthPlace,"http://dbpedia.org/resource/Cambridge,_Massachusetts",0,0.0,286.631809,0.0,15924.0,0.001375,5.9e-05,1
http://dbpedia.org/resource/Aaliyah,http://dbpedia.org/ontology/birthPlace,http://dbpedia.org/resource/Marsh_Harbour,0,0.5092,7915.943901,0.0,495.0,0.019,0.001291,0
http://dbpedia.org/resource/Henry_I_of_England,http://dbpedia.org/ontology/birthPlace,http://dbpedia.org/resource/Lyons-la-Forêt,0,0.0,-18.354889,0.0,66.0,0.0,0.000755,1
http://dbpedia.org/resource/James_Clavell,http://dbpedia.org/ontology/birthPlace,http://dbpedia.org/resource/Vevey,0,0.0,8409.247979,0.0,1748.0,0.019125,0.000134,0
http://dbpedia.org/resource/Irenaeus,http://dbpedia.org/ontology/deathPlace,http://dbpedia.org/resource/İzmir,0,0.100354,3550.124245,1.0,6540.0,0.05025,0.000165,0
http://dbpedia.org/resource/Ernst_Mayr,http://dbpedia.org/ontology/birthPlace,"http://dbpedia.org/resource/Bedford,_Massachusetts",0,0.0,1836.033052,0.0,931.0,0.009125,0.000101,0
http://dbpedia.org/resource/J._R._R._Tolkien,http://dbpedia.org/ontology/birthPlace,http://dbpedia.org/resource/Bournemouth,0,0.849342,7205.996637,0.0,60691.0,0.098875,7.6e-05,0
http://dbpedia.org/resource/Henry_I_of_England,http://dbpedia.org/ontology/deathPlace,http://dbpedia.org/resource/Selby,0,0.0,14.894967,1.0,1298.0,0.00025,0.000134,0
http://dbpedia.org/resource/Bernardo_O'Higgins,http://dbpedia.org/ontology/deathPlace,http://dbpedia.org/resource/Chillán,0,0.558111,252.852652,1.0,903.0,0.003875,0.00139,1
"http://dbpedia.org/resource/Diana,_Princess_of_Wales",http://dbpedia.org/ontology/birthPlace,http://dbpedia.org/resource/Paris,0,0.352956,27.665736,0.0,221606.0,0.002625,8.7e-05,0
http://dbpedia.org/resource/Amerigo_Vespucci,http://dbpedia.org/ontology/deathPlace,http://dbpedia.org/resource/Florence,0,0.348682,9983.620543,0.0,11890.0,0.246125,0.000287,0
http://dbpedia.org/resource/C._S._Forester,http://dbpedia.org/ontology/birthPlace,"http://dbpedia.org/resource/Fullerton,_California",0,0.0,4267.627345,0.0,5790.0,0.028875,9.7e-05,0
http://dbpedia.org/resource/Bernardo_O'Higgins,http://dbpedia.org/ontology/birthPlace,http://dbpedia.org/resource/Lima,0,0.937034,423.900918,0.0,34986.0,0.006875,0.000624,1
http://dbpedia.org/resource/John_A._Macdonald,http://dbpedia.org/ontology/deathPlace,http://dbpedia.org/resource/Glasgow,0,0.227296,3846.392276,0.0,305118.0,0.837,6.4e-05,0
http://dbpedia.org/resource/Augustus_II_the_Strong,http://dbpedia.org/ontology/birthPlace,http://dbpedia.org/resource/Warsaw,0,0.0,252.210959,0.0,67914.0,0.0015,0.000178,1
http://dbpedia.org/resource/André_Weil,http://dbpedia.org/ontology/deathPlace,http://dbpedia.org/resource/Paris,0,0.724973,21636.490938,0.0,201460.0,1.78925,0.000268,0
http://dbpedia.org/resource/Abbas_II_of_Egypt,http://dbpedia.org/ontology/deathPlace,http://dbpedia.org/resource/Alexandria,0,0.0,421.423598,1.0,5688.0,0.002625,0.000167,0
http://dbpedia.org/resource/Alexander_Kerensky,http://dbpedia.org/ontology/birthPlace,http://dbpedia.org/resource/New_York_City,0,0.199565,2419.615756,0.0,792429.0,4.6455,4.6e-05,0
"http://dbpedia.org/resource/Diana,_Princess_of_Wales",http://dbpedia.org/ontology/deathPlace,"http://dbpedia.org/resource/Sandringham,_Norfolk",0,0.0,451.639573,1.0,110.0,0.00175,0.000894,0
