subject,predicate,object,truth,kl_rel,degree_product,katz,kl,predpath,ks,pra,ensemble_score
http://dbpedia.org/resource/Gregory_Bateson,http://dbpedia.org/ontology/birthPlace,http://dbpedia.org/resource/Grantchester,1,0.059209,650.0,0.011125,0.073111,1.0,0.034462,1.0,0.54
http://dbpedia.org/resource/C._S._Forester,http://dbpedia.org/ontology/birthPlace,http://dbpedia.org/resource/Cairo,1,0.167179,54990.0,0.317625,0.075999,1.0,0.045356,1.0,0.55
http://dbpedia.org/resource/Emma_Goldman,http://dbpedia.org/ontology/deathPlace,http://dbpedia.org/resource/Toronto,1,0.113571,298486.0,1.332375,0.059937,1.0,0.04189,1.0,0.72
http://dbpedia.org/resource/Abd_al-Rahman_I,http://dbpedia.org/ontology/birthPlace,http://dbpedia.org/resource/Damascus,1,0.089922,5355.0,0.0,0.070612,1.0,0.050632,0.0,0.81
http://dbpedia.org/resource/Augustus_II_the_Strong,http://dbpedia.org/ontology/deathPlace,http://dbpedia.org/resource/Warsaw,1,0.136758,67914.0,0.0015,0.072804,0.0,0.077942,1.0,0.3
http://dbpedia.org/resource/Augustus_II_the_Strong,http://dbpedia.org/ontology/birthPlace,http://dbpedia.org/resource/Dresden,1,0.17004,15290.0,0.000875,0.093266,1.0,0.089231,0.0,0.81
http://dbpedia.org/resource/Hawley_Harvey_Crippen,http://dbpedia.org/ontology/deathPlace,http://dbpedia.org/resource/London,1,0.178592,136866.0,4.3265,0.06543,1.0,0.068394,1.0,0.72
http://dbpedia.org/resource/J._R._R._Tolkien,http://dbpedia.org/ontology/deathPlace,http://dbpedia.org/resource/Bournemouth,1,0.309026,60691.0,0.098875,0.112545,1.0,0.112085,1.0,0.54
http://dbpedia.org/resource/Abbas_II_of_Egypt,http://dbpedia.org/ontology/birthPlace,http://dbpedia.org/resource/Alexandria,1,0.111966,5688.0,0.002625,0.078208,1.0,0.047468,0.0,0.81
http://dbpedia.org/resource/John_von_Neumann,http://dbpedia.org/ontology/birthPlace,http://dbpedia.org/resource/Budapest,1,0.239746,611684.0,0.93,0.086776,1.0,0.098703,1.0,0.69
http://dbpedia.org/resource/Joris_Ivens,http://dbpedia.org/ontology/birthPlace,http://dbpedia.org/resource/Nijmegen,1,0.082732,5800.0,0.0755,0.063347,1.0,0.034252,1.0,0.55
http://dbpedia.org/resource/Benoit_Mandelbrot,http://dbpedia.org/ontology/birthPlace,http://dbpedia.org/resource/Warsaw,1,0.085827,37044.0,0.000875,0.076464,1.0,0.04308,0.0,0.81
http://dbpedia.org/resource/J._R._R._Tolkien,http://dbpedia.org/ontology/birthPlace,http://dbpedia.org/resource/Bloemfontein,1,0.17132,39867.0,0.073375,0.0895,1.0,0.049128,1.0,0.52
http://dbpedia.org/resource/Anton_Chekhov,http://dbpedia.org/ontology/birthPlace,http://dbpedia.org/resource/Taganrog,1,0.257007,24790.0,0.05775,0.127717,1.0,0.195843,1.0,0.58
http://dbpedia.org/resource/Aaliyah,http://dbpedia.org/ontology/deathPlace,http://dbpedia.org/resource/Marsh_Harbour,1,0.247445,495.0,0.019,0.165825,1.0,0.095992,1.0,0.57
http://dbpedia.org/resource/Ivan_Bunin,http://dbpedia.org/ontology/deathPlace,http://dbpedia.org/resource/Paris,1,0.110485,201460.0,2.66625,0.059535,1.0,0.041606,1.0,0.72
http://dbpedia.org/resource/Alexander_Kerensky,http://dbpedia.org/ontology/birthPlace,http://dbpedia.org/resource/Ulyanovsk,1,0.239784,2937.0,0.025375,0.120166,1.0,0.094572,1.0,0.6
http://dbpedia.org/resource/Ernst_Mayr,http://dbpedia.org/ontology/birthPlace,http://dbpedia.org/resource/Kempten,1,0.088773,817.0,0.008375,0.068387,1.0,0.030608,1.0,0.56
http://dbpedia.org/resource/Austen_Henry_Layard,http://dbpedia.org/ontology/deathPlace,http://dbpedia.org/resource/London,1,0.203434,342165.0,0.06475,0.074976,1.0,0.078423,1.0,0.48
http://dbpedia.org/resource/Douglas_Adams,http://dbpedia.org/ontology/deathPlace,"http://dbpedia.org/resource/Santa_Barbara,_California",1,0.133754,37250.0,0.0035,0.075996,1.0,0.057783,1.0,0.5
http://dbpedia.org/resource/James_Wilkinson,http://dbpedia.org/ontology/birthPlace,"http://dbpedia.org/resource/Benedict,_Maryland",1,0.174993,112.0,0.002875,0.144532,1.0,0.061053,0.0,0.87
http://dbpedia.org/resource/Arthur_de_Gobineau,http://dbpedia.org/ontology/birthPlace,http://dbpedia.org/resource/Ville-d'Avray,1,0.117686,260.0,0.004875,0.091071,1.0,0.057444,1.0,0.55
"http://dbpedia.org/resource/Francis_II,_Holy_Roman_Emperor",http://dbpedia.org/ontology/birthPlace,http://dbpedia.org/resource/Florence,1,0.11799,39237.0,0.000375,0.074633,1.0,0.053135,0.0,0.81
http://dbpedia.org/resource/John_A._Roebling,http://dbpedia.org/ontology/birthPlace,http://dbpedia.org/resource/Mühlhausen,1,0.092498,306.0,0.006,0.095077,1.0,0.048281,1.0,0.55
http://dbpedia.org/resource/Cornelius_Johnson_(artist),http://dbpedia.org/ontology/deathPlace,http://dbpedia.org/resource/Utrecht,1,0.126003,3060.0,0.153,0.069671,0.0,0.035725,1.0,0.32
http://dbpedia.org/resource/John_A._Macdonald,http://dbpedia.org/ontology/deathPlace,http://dbpedia.org/resource/Ottawa,1,0.271728,180230.0,0.842,0.092224,1.0,0.136882,1.0,0.63
http://dbpedia.org/resource/John_A._Roebling,http://dbpedia.org/ontology/deathPlace,http://dbpedia.org/resource/New_York_City,1,0.170672,216117.0,3.539625,0.072156,1.0,0.051107,1.0,0.72
http://dbpedia.org/resource/James_Wilkinson,http://dbpedia.org/ontology/deathPlace,http://dbpedia.org/resource/Mexico_City,1,0.805212,124180.0,1.416125,0.106414,1.0,0.144137,1.0,0.73
http://dbpedia.org/resource/Arthur_de_Gobineau,http://dbpedia.org/ontology/deathPlace,http://dbpedia.org/resource/Turin,1,0.106688,16510.0,0.247875,0.062247,1.0,0.04225,1.0,0.55
http://dbpedia.org/resource/Frédéric_Bastiat,http://dbpedia.org/ontology/deathPlace,http://dbpedia.org/resource/Rome,1,0.121024,119757.0,1.2525,0.062314,1.0,0.036329,1.0,0.72
http://dbpedia.org/resource/Adelaide_of_Italy,http://dbpedia.org/ontology/birthPlace,http://dbpedia.org/resource/Orbe,1,0.051812,330.0,0.004625,0.065264,1.0,0.017348,1.0,0.56
"http://dbpedia.org/resource/Albert_VII,_Archduke_of_Austria",http://dbpedia.org/ontology/birthPlace,http://dbpedia.org/resource/Wiener_Neustadt,1,0.06023,930.0,0.0,0.06119,1.0,0.042907,0.0,0.8
http://dbpedia.org/resource/Irenaeus,http://dbpedia.org/ontology/birthPlace,http://dbpedia.org/resource/İzmir,1,0.134135,6540.0,0.05025,0.077524,1.0,0.056701,0.0,0.81
http://dbpedia.org/resource/Henry_Moseley,http://dbpedia.org/ontology/birthPlace,"http://dbpedia.org/resource/Weymouth,_Dorset",1,0.122434,1605.0,0.02925,0.078409,1.0,0.051149,1.0,0.53
http://dbpedia.org/resource/Eduard_von_Böhm-Ermolli,http://dbpedia.org/ontology/birthPlace,http://dbpedia.org/resource/Ancona,1,0.053969,1573.0,0.000375,0.060211,1.0,0.035055,0.0,0.8
http://dbpedia.org/resource/Henry_I_of_England,http://dbpedia.org/ontology/deathPlace,http://dbpedia.org/resource/Lyons-la-Forêt,1,0.067186,66.0,0.0,0.08401,0.0,0.032816,1.0,0.31
http://dbpedia.org/resource/Irenaeus,http://dbpedia.org/ontology/deathPlace,http://dbpedia.org/resource/Lyon,1,0.296957,12696.0,0.090875,0.102502,0.0,0.092601,1.0,0.31
http://dbpedia.org/resource/F._F._E._Yeo-Thomas,http://dbpedia.org/ontology/deathPlace,http://dbpedia.org/resource/Paris,1,0.078266,80584.0,0.02775,0.059226,0.0,0.037803,1.0,0.3
http://dbpedia.org/resource/Eugene_Wigner,http://dbpedia.org/ontology/deathPlace,"http://dbpedia.org/resource/Princeton,_New_Jersey",1,0.082176,8942.0,0.07525,0.083965,1.0,0.065928,1.0,0.48
http://dbpedia.org/resource/Anton_Chekhov,http://dbpedia.org/ontology/deathPlace,http://dbpedia.org/resource/Badenweiler,1,0.122548,1340.0,0.01875,0.099431,1.0,0.048992,1.0,0.52
"http://dbpedia.org/resource/Diana,_Princess_of_Wales",http://dbpedia.org/ontology/deathPlace,http://dbpedia.org/resource/Paris,1,0.133713,221606.0,0.002625,0.076623,0.0,0.0513,1.0,0.3
http://dbpedia.org/resource/Abd_al-Rahman_I,http://dbpedia.org/ontology/deathPlace,"http://dbpedia.org/resource/Córdoba,_Spain",1,0.093226,1680.0,0.0,0.072711,0.0,0.043868,1.0,0.3
http://dbpedia.org/resource/Frank_Capra,http://dbpedia.org/ontology/birthPlace,http://dbpedia.org/resource/Bisacquino,1,0.057957,396.0,0.0,0.062421,1.0,0.036751,0.0,0.8
"http://dbpedia.org/resource/Albert_VII,_Archduke_of_Austria",http://dbpedia.org/ontology/deathPlace,http://dbpedia.org/resource/Brussels,1,0.099406,29055.0,0.00025,0.088676,0.0,0.070726,1.0,0.3
http://dbpedia.org/resource/Catherine_of_Aragon,http://dbpedia.org/ontology/deathPlace,http://dbpedia.org/resource/Huntingdonshire,1,0.061096,885.0,0.0,0.062229,0.0,0.034582,1.0,0.3
http://dbpedia.org/resource/C._S._Forester,http://dbpedia.org/ontology/deathPlace,"http://dbpedia.org/resource/Fullerton,_California",1,0.056259,5790.0,0.028875,0.049798,1.0,0.031849,1.0,0.52
http://dbpedia.org/resource/John_von_Neumann,http://dbpedia.org/ontology/deathPlace,"http://dbpedia.org/resource/Washington,_D.C.",1,0.108229,1203684.0,1.7905,0.067314,1.0,0.069992,1.0,0.72
"http://dbpedia.org/resource/Christina,_Queen_of_Sweden",http://dbpedia.org/ontology/deathPlace,http://dbpedia.org/resource/Rome,1,0.074797,37818.0,0.0,0.051436,0.0,0.039981,1.0,0.32
http://dbpedia.org/resource/James_Clavell,http://dbpedia.org/ontology/birthPlace,http://dbpedia.org/resource/Sydney,1,0.093071,126960.0,0.000125,0.056547,1.0,0.051408,0.0,0.8
http://dbpedia.org/resource/Henry_Moseley,http://dbpedia.org/ontology/deathPlace,http://dbpedia.org/resource/Gelibolu,1,0.096503,360.0,0.000875,0.075922,1.0,0.038365,1.0,0.5
http://dbpedia.org/resource/George_Frideric_Handel,http://dbpedia.org/ontology/deathPlace,http://dbpedia.org/resource/London,1,0.151825,410598.0,4.32875,0.063235,1.0,0.068808,1.0,0.72
http://dbpedia.org/resource/Gregory_Bateson,http://dbpedia.org/ontology/deathPlace,http://dbpedia.org/resource/San_Francisco,1,0.11347,267500.0,0.005375,0.073474,0.0,0.071441,1.0,0.3
http://dbpedia.org/resource/Fay_Wray,http://dbpedia.org/ontology/deathPlace,http://dbpedia.org/resource/New_York_City,1,0.183026,1416767.0,0.009875,0.06804,0.0,0.074585,1.0,0.3
http://dbpedia.org/resource/Alfred_Hitchcock,http://dbpedia.org/ontology/deathPlace,"http://dbpedia.org/resource/Bel_Air,_Los_Angeles",1,0.188224,3458.0,0.039625,0.121638,1.0,0.071472,1.0,0.58
http://dbpedia.org/resource/Frank_Capra,http://dbpedia.org/ontology/deathPlace,"http://dbpedia.org/resource/La_Quinta,_California",1,0.062664,1716.0,0.00025,0.065209,0.0,0.046122,1.0,0.3
http://dbpedia.org/resource/Eduard_von_Böhm-Ermolli,http://dbpedia.org/ontology/deathPlace,http://dbpedia.org/resource/Opava,1,0.06237,1023.0,0.0,0.060184,0.0,0.033388,1.0,0.3
http://dbpedia.org/resource/James_Clavell,http://dbpedia.org/ontology/deathPlace,http://dbpedia.org/resource/Vevey,1,0.108607,1748.0,0.019125,0.077855,1.0,0.045192,1.0,0.49
http://dbpedia.org/resource/Hawley_Harvey_Crippen,http://dbpedia.org/ontology/birthPlace,"http://dbpedia.org/resource/Coldwater,_Michigan",1,0.051623,396.0,0.010625,0.049677,1.0,0.020252,1.0,0.56
http://dbpedia.org/resource/John_A._Macdonald,http://dbpedia.org/ontology/birthPlace,http://dbpedia.org/resource/Glasgow,1,0.096234,305118.0,0.837,0.061554,1.0,0.057859,1.0,0.67
http://dbpedia.org/resource/Bernardo_O'Higgins,http://dbpedia.org/ontology/birthPlace,http://dbpedia.org/resource/Chillán,1,0.276648,903.0,0.003875,0.152603,1.0,0.139506,0.0,0.87
http://dbpedia.org/resource/Alexander_Kerensky,http://dbpedia.org/ontology/deathPlace,http://dbpedia.org/resource/New_York_City,1,0.115626,792429.0,4.6455,0.067247,1.0,0.069474,1.0,0.72
http://dbpedia.org/resource/Eugene_Wigner,http://dbpedia.org/ontology/birthPlace,http://dbpedia.org/resource/Budapest,1,0.144024,70261.0,0.82925,0.082237,0.0,0.091269,1.0,0.47
http://dbpedia.org/resource/Jean-Jacques_Rousseau,http://dbpedia.org/ontology/deathPlace,http://dbpedia.org/resource/Ermenonville,1,0.062313,396.0,0.02525,0.070219,1.0,0.025772,1.0,0.52
http://dbpedia.org/resource/Adelaide_of_Italy,http://dbpedia.org/ontology/deathPlace,http://dbpedia.org/resource/Alsace,1,0.100368,2580.0,0.0265,0.077634,1.0,0.059566,1.0,0.49
http://dbpedia.org/resource/Emma_Goldman,http://dbpedia.org/ontology/birthPlace,http://dbpedia.org/resource/Kaunas,1,0.176844,14688.0,0.079875,0.087828,1.0,0.058225,1.0,0.52
http://dbpedia.org/resource/Alfred_Hitchcock,http://dbpedia.org/ontology/birthPlace,http://dbpedia.org/resource/London,1,0.262172,2075801.0,0.062125,0.077036,1.0,0.098428,1.0,0.51
http://dbpedia.org/resource/Joe_Strummer,http://dbpedia.org/ontology/deathPlace,"http://dbpedia.org/resource/Broomfield,_Somerset",1,0.054811,804.0,0.0165,0.05886,1.0,0.023438,1.0,0.51
http://dbpedia.org/resource/F._F._E._Yeo-Thomas,http://dbpedia.org/ontology/birthPlace,http://dbpedia.org/resource/London,1,0.076584,182488.0,0.007,0.056491,1.0,0.043265,0.0,0.8
"http://dbpedia.org/resource/Christina,_Queen_of_Sweden",http://dbpedia.org/ontology/birthPlace,http://dbpedia.org/resource/Stockholm,1,0.081909,25890.0,0.00025,0.065548,1.0,0.041565,0.0,0.81
http://dbpedia.org/resource/Aaliyah,http://dbpedia.org/ontology/birthPlace,http://dbpedia.org/resource/Brooklyn,1,0.161808,341165.0,0.169,0.074237,1.0,0.063984,0.0,0.87
"http://dbpedia.org/resource/Diana,_Princess_of_Wales",http://dbpedia.org/ontology/birthPlace,"http://dbpedia.org/resource/Sandringham,_Norfolk",1,0.153577,110.0,0.00175,0.14522,1.0,0.066229,0.0,0.87
http://dbpedia.org/resource/Joseph_Conrad,http://dbpedia.org/ontology/deathPlace,http://dbpedia.org/resource/Bishopsbourne,1,0.107905,238.0,0.011375,0.090724,1.0,0.040681,1.0,0.51
http://dbpedia.org/resource/Amerigo_Vespucci,http://dbpedia.org/ontology/deathPlace,http://dbpedia.org/resource/Seville,1,0.12886,6780.0,0.108,0.071108,1.0,0.052491,1.0,0.5
http://dbpedia.org/resource/John_Stuart_Mill,http://dbpedia.org/ontology/birthPlace,http://dbpedia.org/resource/London_Borough_of_Islington,1,0.086752,5740.0,0.00475,0.06469,0.0,0.032715,0.0,0.81
http://dbpedia.org/resource/Henry_I_of_England,http://dbpedia.org/ontology/birthPlace,http://dbpedia.org/resource/Selby,1,0.067449,1298.0,0.00025,0.060528,1.0,0.027168,0.0,0.8
http://dbpedia.org/resource/Benoit_Mandelbrot,http://dbpedia.org/ontology/deathPlace,"http://dbpedia.org/resource/Cambridge,_Massachusetts",1,0.093996,15924.0,0.001375,0.081741,0.0,0.058328,1.0,0.31
"http://dbpedia.org/resource/Francis_II,_Holy_Roman_Emperor",http://dbpedia.org/ontology/deathPlace,http://dbpedia.org/resource/Vienna,1,0.09988,127743.0,0.01,0.088178,0.0,0.084214,1.0,0.31
http://dbpedia.org/resource/Amerigo_Vespucci,http://dbpedia.org/ontology/birthPlace,http://dbpedia.org/resource/Florence,1,0.162404,11890.0,0.246125,0.077512,1.0,0.066133,1.0,0.53
http://dbpedia.org/resource/Bernardo_O'Higgins,http://dbpedia.org/ontology/deathPlace,http://dbpedia.org/resource/Lima,1,0.303237,34986.0,0.006875,0.097944,0.0,0.115991,1.0,0.32
http://dbpedia.org/resource/Abbas_II_of_Egypt,http://dbpedia.org/ontology/deathPlace,http://dbpedia.org/resource/Geneva,1,0.100491,9153.0,0.00025,0.066428,0.0,0.033972,1.0,0.3
http://dbpedia.org/resource/Catherine_of_Aragon,http://dbpedia.org/ontology/birthPlace,http://dbpedia.org/resource/Alcalá_de_Henares,1,0.064277,355.0,0.0,0.056907,1.0,0.021212,0.0,0.8
http://dbpedia.org/resource/John_Stuart_Mill,http://dbpedia.org/ontology/deathPlace,http://dbpedia.org/resource/Avignon,1,0.2539,16154.0,0.044875,0.115193,1.0,0.0878,1.0,0.58
http://dbpedia.org/resource/Douglas_Adams,http://dbpedia.org/ontology/birthPlace,http://dbpedia.org/resource/Cambridge,1,0.123388,57550.0,0.216,0.066796,1.0,0.046231,1.0,0.58
http://dbpedia.org/resource/John_Peel,http://dbpedia.org/ontology/deathPlace,http://dbpedia.org/resource/Cusco,1,0.047582,1313.0,0.016,0.047316,1.0,0.019028,1.0,0.52
http://dbpedia.org/resource/Joris_Ivens,http://dbpedia.org/ontology/deathPlace,http://dbpedia.org/resource/Paris,1,0.123578,251825.0,1.72075,0.064844,1.0,0.070291,1.0,0.72
http://dbpedia.org/resource/John_Peel,http://dbpedia.org/ontology/birthPlace,http://dbpedia.org/resource/Heswall,1,0.068836,260.0,0.00475,0.062058,1.0,0.028548,1.0,0.56
http://dbpedia.org/resource/Alfonso_IV_of_Aragon,http://dbpedia.org/ontology/deathPlace,http://dbpedia.org/resource/Barcelona,1,0.127094,27450.0,0.0005,0.073842,0.0,0.041687,1.0,0.3
http://dbpedia.org/resource/Ernst_Mayr,http://dbpedia.org/ontology/deathPlace,"http://dbpedia.org/resource/Bedford,_Massachusetts",1,0.053314,931.0,0.009125,0.05878,1.0,0.027198,1.0,0.51
http://dbpedia.org/resource/Cornelius_Johnson_(artist),http://dbpedia.org/ontology/birthPlace,http://dbpedia.org/resource/London,1,0.108933,114055.0,0.9155,0.055644,1.0,0.038074,1.0,0.71
http://dbpedia.org/resource/Fay_Wray,http://dbpedia.org/ontology/birthPlace,http://dbpedia.org/resource/Alberta,1,0.084947,328689.0,0.0,0.055191,1.0,0.029597,0.0,0.8
http://dbpedia.org/resource/Austen_Henry_Layard,http://dbpedia.org/ontology/birthPlace,http://dbpedia.org/resource/Paris,1,0.166131,151095.0,0.009625,0.067115,0.0,0.045956,1.0,0.36
http://dbpedia.org/resource/Frédéric_Bastiat,http://dbpedia.org/ontology/birthPlace,http://dbpedia.org/resource/Bayonne,1,0.082435,2850.0,0.04,0.058635,1.0,0.035429,1.0,0.56
http://dbpedia.org/resource/André_Weil,http://dbpedia.org/ontology/birthPlace,http://dbpedia.org/resource/Paris,1,0.10989,201460.0,1.78925,0.073082,1.0,0.057683,1.0,0.7
http://dbpedia.org/resource/Joseph_Conrad,http://dbpedia.org/ontology/birthPlace,http://dbpedia.org/resource/Berdychiv,1,0.092104,1530.0,0.014375,0.068194,1.0,0.033604,1.0,0.56
http://dbpedia.org/resource/George_Frideric_Handel,http://dbpedia.org/ontology/birthPlace,http://dbpedia.org/resource/Halle_(Saale),1,0.35416,4320.0,0.044375,0.131939,1.0,0.154003,1.0,0.6
http://dbpedia.org/resource/Ivan_Bunin,http://dbpedia.org/ontology/birthPlace,http://dbpedia.org/resource/Voronezh,1,0.092104,4360.0,0.04,0.063469,1.0,0.040791,1.0,0.56
http://dbpedia.org/resource/Jean-Jacques_Rousseau,http://dbpedia.org/ontology/birthPlace,http://dbpedia.org/resource/Geneva,1,0.156517,134244.0,0.201875,0.075742,1.0,0.0883,1.0,0.57
http://dbpedia.org/resource/Carlo_Goldoni,http://dbpedia.org/ontology/birthPlace,http://dbpedia.org/resource/Venice,1,0.332034,11508.0,0.193125,0.113503,1.0,0.106536,1.0,0.61
http://dbpedia.org/resource/Joe_Strummer,http://dbpedia.org/ontology/birthPlace,http://dbpedia.org/resource/Ankara,1,0.066497,73097.0,0.180375,0.054325,1.0,0.031353,1.0,0.57
http://dbpedia.org/resource/Carlo_Goldoni,http://dbpedia.org/ontology/deathPlace,http://dbpedia.org/resource/Paris,1,0.121496,141022.0,1.709375,0.06188,1.0,0.052571,1.0,0.72
http://dbpedia.org/resource/Ambrose,http://dbpedia.org/ontology/birthPlace,http://dbpedia.org/resource/Trier,1,0.085667,3429.0,0.022,0.079358,1.0,0.040201,1.0,0.53
http://dbpedia.org/resource/Alfonso_IV_of_Aragon,http://dbpedia.org/ontology/birthPlace,http://dbpedia.org/resource/Naples,1,0.086699,16030.0,0.0,0.065329,1.0,0.040691,0.0,0.81
http://dbpedia.org/resource/André_Weil,http://dbpedia.org/ontology/deathPlace,"http://dbpedia.org/resource/Princeton,_New_Jersey",1,0.087028,10520.0,0.08075,0.071583,1.0,0.053076,1.0,0.5
http://dbpedia.org/resource/Emma_Goldman,http://dbpedia.org/ontology/deathPlace,http://dbpedia.org/resource/Kaunas,0,0.893574,14688.0,0.079875,0.141474,0.0,0.177504,0.0,0.78
http://dbpedia.org/resource/John_A._Roebling,http://dbpedia.org/ontology/deathPlace,http://dbpedia.org/resource/Mühlhausen,0,0.893574,306.0,0.006,0.220928,0.0,0.239683,0.0,0.75
http://dbpedia.org/resource/James_Clavell,http://dbpedia.org/ontology/deathPlace,http://dbpedia.org/resource/Sydney,0,0.104019,126960.0,0.000125,0.056547,0.0,0.045928,1.0,0.31
http://dbpedia.org/resource/Ambrose,http://dbpedia.org/ontology/birthPlace,http://dbpedia.org/resource/Milan,0,0.893574,75654.0,0.4565,0.111881,0.0,0.18937,0.0,0.8
http://dbpedia.org/resource/Frank_Capra,http://dbpedia.org/ontology/deathPlace,http://dbpedia.org/resource/Bisacquino,0,0.054012,396.0,0.0,0.062421,0.0,0.033502,1.0,0.3
http://dbpedia.org/resource/Alexander_Kerensky,http://dbpedia.org/ontology/deathPlace,http://dbpedia.org/resource/Ulyanovsk,0,0.893574,2937.0,0.025375,0.182195,0.0,0.251584,0.0,0.75
http://dbpedia.org/resource/Arthur_de_Gobineau,http://dbpedia.org/ontology/deathPlace,http://dbpedia.org/resource/Ville-d'Avray,0,0.893574,260.0,0.004875,0.250267,0.0,0.275296,0.0,0.75
http://dbpedia.org/resource/Eugene_Wigner,http://dbpedia.org/ontology/deathPlace,http://dbpedia.org/resource/Budapest,0,0.893574,70261.0,0.82925,0.107218,1.0,0.168194,0.0,0.92
http://dbpedia.org/resource/George_Frideric_Handel,http://dbpedia.org/ontology/deathPlace,http://dbpedia.org/resource/Halle_(Saale),0,0.893574,4320.0,0.044375,0.154306,0.0,0.255925,0.0,0.76
http://dbpedia.org/resource/Douglas_Adams,http://dbpedia.org/ontology/birthPlace,"http://dbpedia.org/resource/Santa_Barbara,_California",0,0.129734,37250.0,0.0035,0.075996,0.0,0.052067,0.0,0.81
http://dbpedia.org/resource/Catherine_of_Aragon,http://dbpedia.org/ontology/birthPlace,http://dbpedia.org/resource/Huntingdonshire,0,0.060499,885.0,0.0,0.062229,1.0,0.034712,0.0,0.8
http://dbpedia.org/resource/Alfonso_IV_of_Aragon,http://dbpedia.org/ontology/birthPlace,http://dbpedia.org/resource/Barcelona,0,0.121093,27450.0,0.0005,0.073842,1.0,0.038938,0.0,0.81
http://dbpedia.org/resource/Douglas_Adams,http://dbpedia.org/ontology/deathPlace,http://dbpedia.org/resource/Cambridge,0,0.893574,57550.0,0.216,0.124249,0.0,0.147369,0.0,0.73
http://dbpedia.org/resource/Joseph_Conrad,http://dbpedia.org/ontology/birthPlace,http://dbpedia.org/resource/Bishopsbourne,0,0.893574,238.0,0.011375,0.339454,0.0,0.336809,0.0,0.76
http://dbpedia.org/resource/Alfonso_IV_of_Aragon,http://dbpedia.org/ontology/deathPlace,http://dbpedia.org/resource/Naples,0,0.092856,16030.0,0.0,0.065329,0.0,0.037345,1.0,0.3
http://dbpedia.org/resource/Arthur_de_Gobineau,http://dbpedia.org/ontology/birthPlace,http://dbpedia.org/resource/Turin,0,0.893574,16510.0,0.247875,0.122748,0.0,0.139635,0.0,0.76
"http://dbpedia.org/resource/Albert_VII,_Archduke_of_Austria",http://dbpedia.org/ontology/deathPlace,http://dbpedia.org/resource/Wiener_Neustadt,0,0.064142,930.0,0.0,0.06119,0.0,0.044525,1.0,0.3
http://dbpedia.org/resource/Joseph_Conrad,http://dbpedia.org/ontology/deathPlace,http://dbpedia.org/resource/Berdychiv,0,0.893574,1530.0,0.014375,0.208045,0.0,0.215909,0.0,0.75
http://dbpedia.org/resource/Catherine_of_Aragon,http://dbpedia.org/ontology/deathPlace,http://dbpedia.org/resource/Alcalá_de_Henares,0,0.069074,355.0,0.0,0.056907,0.0,0.022629,1.0,0.31
http://dbpedia.org/resource/Joris_Ivens,http://dbpedia.org/ontology/deathPlace,http://dbpedia.org/resource/Nijmegen,0,0.893574,5800.0,0.0755,0.155117,0.0,0.165816,0.0,0.78
http://dbpedia.org/resource/Gregory_Bateson,http://dbpedia.org/ontology/deathPlace,http://dbpedia.org/resource/Grantchester,0,0.893574,650.0,0.011125,0.280509,0.0,0.282076,0.0,0.75
http://dbpedia.org/resource/James_Wilkinson,http://dbpedia.org/ontology/birthPlace,http://dbpedia.org/resource/Mexico_City,0,0.893574,124180.0,1.416125,0.106414,0.0,0.231094,0.0,0.84
http://dbpedia.org/resource/Ivan_Bunin,http://dbpedia.org/ontology/deathPlace,http://dbpedia.org/resource/Voronezh,0,0.893574,4360.0,0.04,0.156629,0.0,0.17247,0.0,0.76
http://dbpedia.org/resource/J._R._R._Tolkien,http://dbpedia.org/ontology/deathPlace,http://dbpedia.org/resource/Bloemfontein,0,0.893574,39867.0,0.073375,0.14985,0.0,0.174248,0.0,0.78
http://dbpedia.org/resource/Gregory_Bateson,http://dbpedia.org/ontology/birthPlace,http://dbpedia.org/resource/San_Francisco,0,0.113513,267500.0,0.005375,0.073474,1.0,0.072029,0.0,0.81
http://dbpedia.org/resource/Jean-Jacques_Rousseau,http://dbpedia.org/ontology/birthPlace,http://dbpedia.org/resource/Ermenonville,0,0.893574,396.0,0.02525,0.476505,0.0,0.447949,0.0,0.76
http://dbpedia.org/resource/Alfred_Hitchcock,http://dbpedia.org/ontology/birthPlace,"http://dbpedia.org/resource/Bel_Air,_Los_Angeles",0,0.893574,3458.0,0.039625,0.215629,0.0,0.253382,0.0,0.76
http://dbpedia.org/resource/F._F._E._Yeo-Thomas,http://dbpedia.org/ontology/deathPlace,http://dbpedia.org/resource/London,0,0.081084,182488.0,0.007,0.056491,0.0,0.041803,1.0,0.31
http://dbpedia.org/resource/Ernst_Mayr,http://dbpedia.org/ontology/deathPlace,http://dbpedia.org/resource/Kempten,0,0.893574,817.0,0.008375,0.210031,0.0,0.212503,0.0,0.75
http://dbpedia.org/resource/Frank_Capra,http://dbpedia.org/ontology/birthPlace,"http://dbpedia.org/resource/La_Quinta,_California",0,0.063945,1716.0,0.00025,0.065209,1.0,0.043974,0.0,0.81
http://dbpedia.org/resource/Ivan_Bunin,http://dbpedia.org/ontology/birthPlace,http://dbpedia.org/resource/Paris,0,0.893574,201460.0,2.66625,0.09787,0.0,0.127152,0.0,0.84
http://dbpedia.org/resource/Carlo_Goldoni,http://dbpedia.org/ontology/deathPlace,http://dbpedia.org/resource/Venice,0,0.893574,11508.0,0.193125,0.129672,0.0,0.207211,0.0,0.75
http://dbpedia.org/resource/Anton_Chekhov,http://dbpedia.org/ontology/birthPlace,http://dbpedia.org/resource/Badenweiler,0,0.893574,1340.0,0.01875,0.302793,0.0,0.311087,0.0,0.76
http://dbpedia.org/resource/Austen_Henry_Layard,http://dbpedia.org/ontology/deathPlace,http://dbpedia.org/resource/Paris,0,0.146762,151095.0,0.009625,0.067115,1.0,0.046361,0.0,0.79
http://dbpedia.org/resource/John_A._Macdonald,http://dbpedia.org/ontology/birthPlace,http://dbpedia.org/resource/Ottawa,0,0.893574,180230.0,0.842,0.112394,0.0,0.200699,0.0,0.86
http://dbpedia.org/resource/Joe_Strummer,http://dbpedia.org/ontology/deathPlace,http://dbpedia.org/resource/Ankara,0,0.893574,73097.0,0.180375,0.125081,0.0,0.142522,0.0,0.77
"http://dbpedia.org/resource/Albert_VII,_Archduke_of_Austria",http://dbpedia.org/ontology/birthPlace,http://dbpedia.org/resource/Brussels,0,0.089123,29055.0,0.00025,0.088676,1.0,0.068605,0.0,0.81
http://dbpedia.org/resource/Anton_Chekhov,http://dbpedia.org/ontology/deathPlace,http://dbpedia.org/resource/Taganrog,0,0.893574,24790.0,0.05775,0.160763,0.0,0.312946,0.0,0.74
http://dbpedia.org/resource/Benoit_Mandelbrot,http://dbpedia.org/ontology/deathPlace,http://dbpedia.org/resource/Warsaw,0,0.092955,37044.0,0.000875,0.076464,0.0,0.04571,1.0,0.3
http://dbpedia.org/resource/George_Frideric_Handel,http://dbpedia.org/ontology/birthPlace,http://dbpedia.org/resource/London,0,0.893574,410598.0,4.32875,0.090621,0.0,0.132589,0.0,0.84
http://dbpedia.org/resource/Adelaide_of_Italy,http://dbpedia.org/ontology/deathPlace,http://dbpedia.org/resource/Orbe,0,0.893574,330.0,0.004625,0.244436,0.0,0.235254,0.0,0.75
http://dbpedia.org/resource/James_Wilkinson,http://dbpedia.org/ontology/deathPlace,"http://dbpedia.org/resource/Benedict,_Maryland",0,0.156259,112.0,0.002875,0.144532,0.0,0.056688,1.0,0.37
http://dbpedia.org/resource/Aaliyah,http://dbpedia.org/ontology/deathPlace,http://dbpedia.org/resource/Brooklyn,0,0.161024,341165.0,0.169,0.074237,0.0,0.057909,0.0,0.81
http://dbpedia.org/resource/Hawley_Harvey_Crippen,http://dbpedia.org/ontology/birthPlace,http://dbpedia.org/resource/London,0,0.893574,136866.0,4.3265,0.090621,0.0,0.135466,0.0,0.84
http://dbpedia.org/resource/Abbas_II_of_Egypt,http://dbpedia.org/ontology/birthPlace,http://dbpedia.org/resource/Geneva,0,0.092233,9153.0,0.00025,0.066428,1.0,0.031814,0.0,0.81
http://dbpedia.org/resource/Joris_Ivens,http://dbpedia.org/ontology/birthPlace,http://dbpedia.org/resource/Paris,0,0.893574,251825.0,1.72075,0.09787,0.0,0.1422,0.0,0.84
http://dbpedia.org/resource/John_A._Roebling,http://dbpedia.org/ontology/birthPlace,http://dbpedia.org/resource/New_York_City,0,0.893574,216117.0,3.539625,0.090201,0.0,0.126311,0.0,0.84
http://dbpedia.org/resource/John_Stuart_Mill,http://dbpedia.org/ontology/deathPlace,http://dbpedia.org/resource/London_Borough_of_Islington,0,0.077492,5740.0,0.00475,0.06469,1.0,0.031423,1.0,0.52
http://dbpedia.org/resource/Jean-Jacques_Rousseau,http://dbpedia.org/ontology/deathPlace,http://dbpedia.org/resource/Geneva,0,0.893574,134244.0,0.201875,0.126189,0.0,0.166039,0.0,0.74
http://dbpedia.org/resource/Cornelius_Johnson_(artist),http://dbpedia.org/ontology/deathPlace,http://dbpedia.org/resource/London,0,0.123298,114055.0,0.9155,0.055644,0.0,0.03342,0.0,0.81
"http://dbpedia.org/resource/Francis_II,_Holy_Roman_Emperor",http://dbpedia.org/ontology/birthPlace,http://dbpedia.org/resource/Vienna,0,0.097074,127743.0,0.01,0.088178,1.0,0.076222,0.0,0.81
http://dbpedia.org/resource/Fay_Wray,http://dbpedia.org/ontology/deathPlace,http://dbpedia.org/resource/Alberta,0,0.088136,328689.0,0.0,0.055191,0.0,0.034875,1.0,0.31
http://dbpedia.org/resource/Eduard_von_Böhm-Ermolli,http://dbpedia.org/ontology/birthPlace,http://dbpedia.org/resource/Opava,0,0.06653,1023.0,0.0,0.060184,1.0,0.034124,0.0,0.8
http://dbpedia.org/resource/Abd_al-Rahman_I,http://dbpedia.org/ontology/birthPlace,"http://dbpedia.org/resource/Córdoba,_Spain",0,0.080343,1680.0,0.0,0.072711,1.0,0.042981,0.0,0.81
http://dbpedia.org/resource/Fay_Wray,http://dbpedia.org/ontology/birthPlace,http://dbpedia.org/resource/New_York_City,0,0.166241,1416767.0,0.009875,0.06804,1.0,0.080171,0.0,0.81
http://dbpedia.org/resource/John_von_Neumann,http://dbpedia.org/ontology/birthPlace,"http://dbpedia.org/resource/Washington,_D.C.",0,0.893574,1203684.0,1.7905,0.099963,0.0,0.150672,0.0,0.84
http://dbpedia.org/resource/Amerigo_Vespucci,http://dbpedia.org/ontology/birthPlace,http://dbpedia.org/resource/Seville,0,0.893574,6780.0,0.108,0.132994,0.0,0.161779,0.0,0.79
http://dbpedia.org/resource/Henry_Moseley,http://dbpedia.org/ontology/birthPlace,http://dbpedia.org/resource/Gelibolu,0,0.090476,360.0,0.000875,0.075922,0.0,0.035067,0.0,0.81
http://dbpedia.org/resource/F._F._E._Yeo-Thomas,http://dbpedia.org/ontology/birthPlace,http://dbpedia.org/resource/Paris,0,0.073804,80584.0,0.02775,0.059226,1.0,0.03561,0.0,0.8
http://dbpedia.org/resource/Henry_Moseley,http://dbpedia.org/ontology/deathPlace,"http://dbpedia.org/resource/Weymouth,_Dorset",0,0.893574,1605.0,0.02925,0.176279,0.0,0.200856,0.0,0.75
http://dbpedia.org/resource/Abd_al-Rahman_I,http://dbpedia.org/ontology/deathPlace,http://dbpedia.org/resource/Damascus,0,0.097114,5355.0,0.0,0.070612,0.0,0.053687,1.0,0.3
http://dbpedia.org/resource/C._S._Forester,http://dbpedia.org/ontology/deathPlace,http://dbpedia.org/resource/Cairo,0,0.893574,54990.0,0.317625,0.117458,1.0,0.143875,0.0,0.84
http://dbpedia.org/resource/Hawley_Harvey_Crippen,http://dbpedia.org/ontology/deathPlace,"http://dbpedia.org/resource/Coldwater,_Michigan",0,0.893574,396.0,0.010625,0.192691,0.0,0.187611,0.0,0.75
http://dbpedia.org/resource/John_Peel,http://dbpedia.org/ontology/birthPlace,http://dbpedia.org/resource/Cusco,0,0.893574,1313.0,0.016,0.178091,0.0,0.176005,0.0,0.76
"http://dbpedia.org/resource/Christina,_Queen_of_Sweden",http://dbpedia.org/ontology/birthPlace,http://dbpedia.org/resource/Rome,0,0.077242,37818.0,0.0,0.051436,1.0,0.036437,0.0,0.81
http://dbpedia.org/resource/John_Peel,http://dbpedia.org/ontology/deathPlace,http://dbpedia.org/resource/Heswall,0,0.893574,260.0,0.00475,0.250267,0.0,0.243921,0.0,0.75
http://dbpedia.org/resource/André_Weil,http://dbpedia.org/ontology/birthPlace,"http://dbpedia.org/resource/Princeton,_New_Jersey",0,0.893574,10520.0,0.08075,0.137641,0.0,0.162808,0.0,0.8
http://dbpedia.org/resource/John_von_Neumann,http://dbpedia.org/ontology/deathPlace,http://dbpedia.org/resource/Budapest,0,0.893574,611684.0,0.93,0.107218,0.0,0.188082,0.0,0.84
http://dbpedia.org/resource/Eugene_Wigner,http://dbpedia.org/ontology/birthPlace,"http://dbpedia.org/resource/Princeton,_New_Jersey",0,0.893574,8942.0,0.07525,0.137641,0.0,0.18221,0.0,0.8
http://dbpedia.org/resource/Emma_Goldman,http://dbpedia.org/ontology/birthPlace,http://dbpedia.org/resource/Toronto,0,0.893574,298486.0,1.332375,0.099205,0.0,0.116027,0.0,0.84
http://dbpedia.org/resource/Augustus_II_the_Strong,http://dbpedia.org/ontology/deathPlace,http://dbpedia.org/resource/Dresden,0,0.192654,15290.0,0.000875,0.093266,0.0,0.096133,1.0,0.31
http://dbpedia.org/resource/Frédéric_Bastiat,http://dbpedia.org/ontology/birthPlace,http://dbpedia.org/resource/Rome,0,0.893574,119757.0,1.2525,0.102577,0.0,0.127503,0.0,0.84
"http://dbpedia.org/resource/Francis_II,_Holy_Roman_Emperor",http://dbpedia.org/ontology/deathPlace,http://dbpedia.org/resource/Florence,0,0.128807,39237.0,0.000375,0.074633,0.0,0.051986,1.0,0.3
http://dbpedia.org/resource/Eduard_von_Böhm-Ermolli,http://dbpedia.org/ontology/deathPlace,http://dbpedia.org/resource/Ancona,0,0.05291,1573.0,0.000375,0.060211,0.0,0.029753,1.0,0.3
http://dbpedia.org/resource/Austen_Henry_Layard,http://dbpedia.org/ontology/birthPlace,http://dbpedia.org/resource/London,0,0.20394,342165.0,0.06475,0.074976,1.0,0.075522,0.0,0.83
http://dbpedia.org/resource/Joe_Strummer,http://dbpedia.org/ontology/birthPlace,"http://dbpedia.org/resource/Broomfield,_Somerset",0,0.893574,804.0,0.0165,0.286952,0.0,0.276488,0.0,0.76
"http://dbpedia.org/resource/Christina,_Queen_of_Sweden",http://dbpedia.org/ontology/deathPlace,http://dbpedia.org/resource/Stockholm,0,0.097584,25890.0,0.00025,0.065548,0.0,0.040881,1.0,0.3
http://dbpedia.org/resource/Irenaeus,http://dbpedia.org/ontology/birthPlace,http://dbpedia.org/resource/Lyon,0,0.259546,12696.0,0.090875,0.102502,1.0,0.09112,0.0,0.83
http://dbpedia.org/resource/Cornelius_Johnson_(artist),http://dbpedia.org/ontology/birthPlace,http://dbpedia.org/resource/Utrecht,0,0.893574,3060.0,0.153,0.13483,1.0,0.154668,0.0,0.9
http://dbpedia.org/resource/Alfred_Hitchcock,http://dbpedia.org/ontology/deathPlace,http://dbpedia.org/resource/London,0,0.27786,2075801.0,0.062125,0.077036,0.0,0.098321,0.0,0.78
http://dbpedia.org/resource/Adelaide_of_Italy,http://dbpedia.org/ontology/birthPlace,http://dbpedia.org/resource/Alsace,0,0.893574,2580.0,0.0265,0.162668,0.0,0.201923,0.0,0.76
http://dbpedia.org/resource/Frédéric_Bastiat,http://dbpedia.org/ontology/deathPlace,http://dbpedia.org/resource/Bayonne,0,0.893574,2850.0,0.04,0.166372,0.0,0.181799,0.0,0.75
http://dbpedia.org/resource/John_Stuart_Mill,http://dbpedia.org/ontology/birthPlace,http://dbpedia.org/resource/Avignon,0,0.893574,16154.0,0.044875,0.159154,0.0,0.220527,0.0,0.76
http://dbpedia.org/resource/Carlo_Goldoni,http://dbpedia.org/ontology/birthPlace,http://dbpedia.org/resource/Paris,0,0.893574,141022.0,1.709375,0.09787,0.0,0.126575,0.0,0.84
http://dbpedia.org/resource/Benoit_Mandelbrot,http://dbpedia.org/ontology/birthPlace,"http://dbpedia.org/resource/Cambridge,_Massachusetts",0,0.084959,15924.0,0.001375,0.081741,1.0,0.05269,0.0,0.81
http://dbpedia.org/resource/Aaliyah,http://dbpedia.org/ontology/birthPlace,http://dbpedia.org/resource/Marsh_Harbour,0,0.893574,495.0,0.019,0.312771,0.0,0.36699,0.0,0.76
http://dbpedia.org/resource/Henry_I_of_England,http://dbpedia.org/ontology/birthPlace,http://dbpedia.org/resource/Lyons-la-Forêt,0,0.072698,66.0,0.0,0.08401,1.0,0.036512,0.0,0.81
http://dbpedia.org/resource/James_Clavell,http://dbpedia.org/ontology/birthPlace,http://dbpedia.org/resource/Vevey,0,0.893574,1748.0,0.019125,0.187591,0.0,0.209789,0.0,0.76
http://dbpedia.org/resource/Irenaeus,http://dbpedia.org/ontology/deathPlace,http://dbpedia.org/resource/İzmir,0,0.118086,6540.0,0.05025,0.077524,0.0,0.052463,1.0,0.3
http://dbpedia.org/resource/Ernst_Mayr,http://dbpedia.org/ontology/birthPlace,"http://dbpedia.org/resource/Bedford,_Massachusetts",0,0.893574,931.0,0.009125,0.204423,0.0,0.208455,0.0,0.76
http://dbpedia.org/resource/J._R._R._Tolkien,http://dbpedia.org/ontology/birthPlace,http://dbpedia.org/resource/Bournemouth,0,0.893574,60691.0,0.098875,0.140973,0.0,0.222119,0.0,0.79
http://dbpedia.org/resource/Henry_I_of_England,http://dbpedia.org/ontology/deathPlace,http://dbpedia.org/resource/Selby,0,0.071653,1298.0,0.00025,0.060528,0.0,0.027368,1.0,0.3
http://dbpedia.org/resource/Bernardo_O'Higgins,http://dbpedia.org/ontology/deathPlace,http://dbpedia.org/resource/Chillán,0,0.292667,903.0,0.003875,0.152603,0.0,0.129044,1.0,0.37
"http://dbpedia.org/resource/Diana,_Princess_of_Wales",http://dbpedia.org/ontology/birthPlace,http://dbpedia.org/resource/Paris,0,0.108899,221606.0,0.002625,0.076623,1.0,0.046397,0.0,0.81
http://dbpedia.org/resource/Amerigo_Vespucci,http://dbpedia.org/ontology/deathPlace,http://dbpedia.org/resource/Florence,0,0.893574,11890.0,0.246125,0.123749,0.0,0.163978,0.0,0.72
http://dbpedia.org/resource/C._S._Forester,http://dbpedia.org/ontology/birthPlace,"http://dbpedia.org/resource/Fullerton,_California",0,0.893574,5790.0,0.028875,0.159676,0.0,0.166653,0.0,0.76
http://dbpedia.org/resource/Bernardo_O'Higgins,http://dbpedia.org/ontology/birthPlace,http://dbpedia.org/resource/Lima,0,0.267824,34986.0,0.006875,0.097944,1.0,0.106161,0.0,0.81
http://dbpedia.org/resource/John_A._Macdonald,http://dbpedia.org/ontology/deathPlace,http://dbpedia.org/resource/Glasgow,0,0.893574,305118.0,0.837,0.106115,0.0,0.13761,0.0,0.8
http://dbpedia.org/resource/Augustus_II_the_Strong,http://dbpedia.org/ontology/birthPlace,http://dbpedia.org/resource/Warsaw,0,0.119766,67914.0,0.0015,0.072804,1.0,0.076135,0.0,0.81
http://dbpedia.org/resource/André_Weil,http://dbpedia.org/ontology/deathPlace,http://dbpedia.org/resource/Paris,0,0.893574,201460.0,1.78925,0.09787,0.0,0.133767,0.0,0.83
http://dbpedia.org/resource/Abbas_II_of_Egypt,http://dbpedia.org/ontology/deathPlace,http://dbpedia.org/resource/Alexandria,0,0.123991,5688.0,0.002625,0.078208,0.0,0.049049,1.0,0.3
http://dbpedia.org/resource/Alexander_Kerensky,http://dbpedia.org/ontology/birthPlace,http://dbpedia.org/resource/New_York_City,0,0.893574,792429.0,4.6455,0.090201,0.0,0.134222,0.0,0.84
"http://dbpedia.org/resource/Diana,_Princess_of_Wales",http://dbpedia.org/ontology/deathPlace,"http://dbpedia.org/resource/Sandringham,_Norfolk",0,0.151797,110.0,0.00175,0.14522,0.0,0.064295,1.0,0.37
